geometric_mean: 0.47433387165998625
log_evidence: -2496.3393145699015
cross_entropy: 0.7458438346489099
runtime: 1027.672917
