geometric_mean: 0.48710413643783057
log_evidence: -2407.4212778560745
cross_entropy: 0.7192773462372496
runtime: 1830.521424
