geometric_mean: 0.49100336493843305
log_evidence: -2380.7354853256784
cross_entropy: 0.7113042979760019
runtime: 1078.840338
