id,black_mean,black_variance,white_mean,white_variance,evidence
1,0.0,60235.272498719016,0.0,60235.272498719016,0.4999999962173215
2,91.73149103061209,45781.8561982348,-91.73149103061209,45781.8561982348,0.3325149292766091
3,0.0,60235.272498719016,0.0,60235.272498719016,0.5000000037826785
4,91.73149103061213,45781.85619823481,-91.73149103061209,45781.8561982348,0.6674850707233909
5,0.0,60235.272498719016,-91.73149103061209,35450.41499060852,0.415198885124601
14,0.0,60235.272498719016,0.0,60235.272498719016,0.4999999962173215
12,0.0,60235.272498719016,0.0,60235.272498719016,0.5000000037826785
11,0.0,40183.58391725463,0.0,60235.272498719016,0.5000000037826318
10,0.0,60235.272498719016,0.0,40183.58391725463,0.5000000037826318
13,0.0,60235.272498719016,0.0,60235.272498719016,0.5000000037826785
8,0.0,40183.58391725463,0.0,60235.272498719016,0.5000000037826318
7,0.0,60235.272498719016,0.0,60235.272498719016,0.5000000037826785
6,0.0,60235.272498719016,0.0,60235.272498719016,0.4999999962173215
9,0.0,40183.58391725463,0.0,40183.58391725463,0.5000000037824773
15,-91.73149103061209,45781.8561982348,-91.73149103061209,45781.8561982348,0.500000003782586
16,135.6345388065551,41119.68814292001,-101.24504228563165,24287.47328845063,0.7279411918126972
17,-101.24504228563167,21604.685717533463,0.0,60235.272498719016,0.5973108986166504
18,-101.24504228563167,21604.685717533463,0.0,60235.272498719016,0.5973108986166504
19,91.73149103061209,45781.8561982348,88.9865333266882,45903.77150753264,0.4974120707761196
20,-91.73149103061209,45781.8561982348,0.0,60235.272498719016,0.5824373531251648
21,88.9865333266882,33312.45414639725,0.0,41094.570564384034,0.5877796682410444
29,69.37361224473013,47166.810467344934,-174.6587695359468,21141.955994512602,0.7318995241388274
31,69.37361224473014,37879.79304301273,-187.97740990935011,40231.3779695981,0.26386484073058725
30,-174.6587695359468,19161.737261905237,69.50460707741004,47155.90660315916,0.7333949675909677
28,68.36357065917043,47252.08917337322,-174.6587695359468,19161.737261905237,0.26762095119697304
27,-184.20034943983663,47679.69825276244,-174.6587695359468,19161.737261905237,0.5097418887579543
25,68.36357065917042,38019.520629911785,154.70937083980755,39122.59335944708,0.5844697086333346
24,0.0,60235.272498719016,6.092628347925818,34961.86325282029,0.5056854943599924
23,-138.51145473625414,41108.61178447499,-174.6587695359468,19161.737261905237,0.5377345307222369
22,154.70937083980755,30054.495108311326,69.37361224473013,47166.810467344934,0.5834760624339681
26,154.70937083980755,30054.495108311326,69.37361224473014,37879.79304301273,0.58607611224596
35,-170.71221207305933,12720.270681007383,-47.94826122136127,25609.34815197817,0.3627009522198981
32,287.2023372304317,35035.88699566244,116.35314051316793,42123.889019180904,0.663307683539889
33,-39.03095086727176,29292.231388435022,-170.71221207305933,11777.00405315078,0.3549125295874853
34,287.2023372304317,28572.979534764832,-47.948261221361264,21670.046921614896,0.18358675293101712
63,0.0,60235.272498719016,0.0,60235.272498719016,0.4999999962173215
62,0.0,60235.272498719016,0.0,60235.272498719016,0.4999999962173215
61,0.0,60235.272498719016,0.0,60235.272498719016,0.5000000037826785
57,-101.08716200946931,9394.82360953886,75.4931162704653,28111.978852999473,0.6935260217430209
59,0.0,60235.272498719016,0.0,60235.272498719016,0.4999999962173215
58,0.0,60235.272498719016,0.0,60235.272498719016,0.4999999962173215
64,260.7917039124963,38531.60304330655,104.72991927437963,28230.27710357441,0.34502605231045824
60,-246.3377601487945,40951.441374017544,-107.22089886492007,28930.97909200593,0.362484930413058
65,84.54858869914001,46127.91218140948,75.4931162704653,24232.674937085834,0.49086637328520455
70,112.08555764094919,45245.86577865191,0.0,40183.58391725463,0.6063137463924745
67,0.0,40183.58391725463,-15.276510208731489,18863.887050374327,0.5160412739878063
68,-101.08716200946931,9429.315438421818,212.60408838856173,19376.193969061434,0.822326414226102
69,-246.3377601487945,32199.73390017129,0.0,40183.58391725463,0.26896986011540036
71,0.0,40183.58391725463,0.0,60235.272498719016,0.5000000037826318
72,-226.45749314171215,40755.047252945325,0.0,40183.58391725463,0.29071734564227036
73,0.0,40183.58391725463,0.0,40183.58391725463,0.49999999621752267
74,0.0,40183.58391725463,-107.22089886492007,24554.39148998336,0.6088122722757602
66,0.0,40183.58391725463,-4.706329744115405,21812.055070272552,0.5048896427474204
56,260.7917039124963,31110.307223106865,-15.276510208731489,16793.48157394474,0.7741645607941973
45,260.7917039124963,31110.307223106865,0.0,40183.58391725463,0.7434663656235054
54,84.54858869914003,33953.46501156983,-101.08716200946931,9429.315438421818,0.3021703248376002
36,260.7917039124963,31110.307223106865,0.0,40183.58391725463,0.7434663656235054
37,0.0,40183.58391725463,75.4931162704653,24232.674937085834,0.5772265869565316
55,0.0,40183.58391725463,-4.706329744115401,19050.815868157293,0.4950602198469175
39,112.08555764094919,34419.05120462077,0.0,40183.58391725463,0.6099359604546549
40,0.0,40183.58391725463,0.0,40183.58391725463,0.49999999621752267
41,-107.22089886492007,24554.39148998336,0.0,40183.58391725463,0.6088122798397071
42,0.0,40183.58391725463,104.72991927437963,24233.831204113067,0.6064687939576375
43,84.54858869914003,33953.46501156983,212.60408838856173,18523.710441104322,0.6350256865531589
44,-246.3377601487945,32199.73390017129,-4.706329744115401,19050.815868157293,0.7426443156510847
38,0.0,40183.58391725463,-15.276510208731489,16793.48157394474,0.48383287999623004
46,0.0,40183.58391725463,75.4931162704653,24232.674937085834,0.5772265869565316
47,0.0,40183.58391725463,0.0,40183.58391725463,0.49999999621752267
48,0.0,40183.58391725463,0.0,40183.58391725463,0.49999999621752267
49,0.0,40183.58391725463,212.60408838856173,18523.710441104322,0.28838185439194924
50,-246.3377601487945,32199.73390017129,0.0,40183.58391725463,0.26896986011540036
51,112.08555764094919,34419.05120462077,0.0,40183.58391725463,0.6099359604546549
52,-226.45749314171215,33843.51490656005,-107.22089886492007,24554.39148998336,0.6233468378467988
53,-15.276510208731489,16793.48157394474,104.72991927437963,24233.831204113067,0.3671909696208854
93,71.9563016341036,21922.442024953583,0.0,60235.272498719016,0.569457746920978
94,71.95630163410358,18679.252987572803,-98.08997637514364,25616.18153959962,0.6819556806675062
95,-98.08997637514365,21924.3596256088,-90.81849177441966,17031.19331627475,0.4917056353167607
96,-98.08997637514365,21924.3596256088,-53.19361008645013,8504.4717907696,0.4468450425063278
98,211.11048401973258,14380.068455918827,0.0,40749.187350670756,0.7128261642610303
99,232.08676254958013,20794.736002886464,50.160199768149646,15946.563747636794,0.6994529188429193
103,239.48479849037687,38987.95755634713,0.0,60235.272498719016,0.7096575481572843
101,-167.97880389699907,17470.031013873697,239.48479849037687,32266.31432915367,0.137449763147311
102,239.48479849037687,32266.31432915367,-239.78418604748288,25443.4701812199,0.8926636068293878
92,71.95630163410358,18679.252987572803,-239.78418604748288,24298.843552217015,0.806337844173794
104,-53.193610086450136,7973.140111968892,0.0,45603.80216996136,0.44315360703093637
105,-53.193610086450136,7973.140111968892,50.16019976814965,14489.39098940795,0.37445202796414007
106,50.16019976814965,14489.39098940795,-239.78418604748288,24298.843552217015,0.793766441536413
100,232.08676254958013,18370.167494029076,0.0,45603.80216996136,0.7248834933742565
91,38.189476838972865,12994.101065671191,-90.81849177441966,14937.980229539839,0.6508991582299356
97,211.11048401973258,13280.26733342386,0.0,45603.80216996136,0.7101663935334184
89,38.189476838972865,11893.049747987461,232.08676254958013,18370.167494029076,0.28303839346747195
90,38.189476838972865,11893.049747987461,0.0,40749.187350670756,0.5410353334654094
76,177.2542157498504,18106.19151343082,0.0,60235.272498719016,0.6684346528829661
77,177.2542157498504,16223.156510316196,239.48479849037687,32266.31432915367,0.43223085635535274
78,177.2542157498504,16223.156510316196,257.14570987934735,20805.71659944858,0.40895149156092775
79,0.0,60235.272498719016,50.16019976814965,14489.39098940795,0.4502772965860495
80,0.0,40460.466253708866,71.95630163410358,18679.252987572803,0.4249302456976992
81,0.0,40460.466253708866,38.189476838972865,11893.049747987461,0.45891786393215706
75,177.2542157498504,16223.156510316196,211.11048401973258,13280.26733342386,0.45967219962126143
83,257.14570987934735,17888.977971850698,-98.08997637514365,21924.3596256088,0.8398552063601241
84,257.14570987934735,17888.977971850698,-53.193610086450136,7973.140111968892,0.8231203285330011
85,257.14570987934735,17888.977971850698,-167.97880389699907,16712.39909701908,0.8858777791931375
86,0.0,43374.2684869872,-90.81849177441966,14937.980229539839,0.5946757775063789
87,0.0,43374.2684869872,211.11048401973258,13280.26733342386,0.28826718651757105
82,0.0,40460.466253708866,232.08676254958013,18370.167494029076,0.27142896436845804
88,0.0,43374.2684869872,-167.97880389699907,16712.39909701908,0.6698262428943758
135,-54.053941639340565,14576.433687952125,120.8832298381986,10730.220922861157,0.7024081226034309
136,-40.93389302009404,11684.971660276482,103.09222587997527,34183.4379366821,0.6548894226102022
137,-105.08380479795503,27327.623367546395,0.0,60235.272498719016,0.40080518738680293
138,0.0,60235.272498719016,21.242797383601395,30675.522550065958,0.5200646986541185
139,-14.745926776729007,25983.456842072497,0.0,60235.272498719016,0.5141291363616565
140,314.54784791549844,16403.719816622306,-13.716276132970648,37978.444967732044,0.8079020627918689
144,0.0,60235.272498719016,-280.56957434537173,39290.55551089055,0.740853765173452
143,-65.78738782542233,6882.547890439531,-170.73838641875872,38572.755285703155,0.385418897656978
145,0.0,60235.272498719016,0.0,60235.272498719016,0.5000000037826785
146,-175.1422094291069,13942.671829294366,0.0,60235.272498719016,0.6686769450065431
147,74.56104791049891,19163.24358561005,-147.56290976756935,14159.700361557303,0.7410739222617788
134,0.0,60235.272498719016,176.8204325086233,27947.969408270226,0.6633200705046656
148,0.0,60235.272498719016,0.0,60235.272498719016,0.4999999962173215
141,-33.945011578458136,51659.9187176828,0.0,60235.272498719016,0.46976922125874626
133,171.8180787611025,12572.320378943612,357.83556147570573,14675.71384461834,0.7119256167095763
142,-130.55444094264877,23688.9074860656,167.2920279194824,10180.2949572837,0.8049232559280041
158,-100.18815309972665,45482.84790273968,-71.42289198316159,11947.434048308769,0.46963294400987055
151,148.81531057983727,11010.170118498541,60.661093839980275,47975.14490163694,0.5917257270259136
152,161.7732193497675,31083.20329570422,170.51172933538837,10793.38330800249,0.49016157766041063
153,102.6836204911018,45415.857934907486,63.340019209537296,26516.660391187415,0.46059324031955584
154,350.03131482559974,17228.101372204343,87.74876803961371,19264.14972242596,0.773505995304616
155,91.73149103061213,45781.85619823481,58.71812311829284,38504.090991151796,0.5317922176866079
156,-74.59416347113003,24638.46039795591,38.62228511174167,50862.401983299096,0.6106957982281331
157,-131.84707759046125,45284.1451079735,-55.2021540614088,23594.988108930054,0.4228142317932993
159,-168.8685553918088,23846.781005170564,-89.68791555808346,14661.211028584956,0.5896572551743673
160,-323.32346914144574,38645.432756406866,145.6685024082766,12437.716627324724,0.8931175551623078
150,225.43744561495737,26929.309822292744,91.73149103061209,45781.8561982348,0.36882418169655207
161,-91.73149103061209,45781.8561982348,-104.4697405344464,7346.790199027681,0.48631540545747254
163,-36.35161313946511,36298.71291736635,-173.6148088578089,14392.950856125535,0.6452539381121553
162,-101.60160803856378,45443.74738280196,-211.31227672495382,14123.845316971267,0.613317785837556
149,401.8767552001211,14856.669683013855,-33.59878062771502,21987.56613113943,0.8890766833445417
165,407.4253673500766,15139.901550419909,235.5697983732969,27769.285603168348,0.6847342527048148
166,162.0822371577171,10689.066302777104,227.50181436085995,42240.02074893719,0.43004408646381354
176,-18.154231577517578,35201.07167785221,-73.31129142039482,13419.812946912298,0.5601020209323186
167,104.9575375451628,43402.32991704806,377.3790524981574,16627.6047031985,0.7610961285035519
168,123.85012854066807,23605.011382081124,155.34385150274673,41453.352780023306,0.5323237207412155
169,-56.114976101862545,32992.32957033427,-24.850897504540153,20917.344871505975,0.5334483298743445
170,165.06740897342596,20563.936467381594,-35.640390818111726,30827.94254850891,0.2939271861039561
171,6.860775363866846,29643.011828125567,-71.66947658763736,46980.82944148034,0.4229413424776858
172,139.13395249327624,9903.71056890039,-110.73283055600588,22748.101480461566,0.2332918509122729
173,-104.92209088708194,7152.901329296697,5.349118293206622,31785.085100199827,0.6235352223544115
177,-102.08527771316496,11497.842259821733,-248.11607484085738,13546.669362448802,0.6718482916428675
107,21.521222103320092,26036.406702737793,-248.11607484085738,12517.54754182131,0.7776215509195534
174,12.253504876852016,30088.56071664485,141.97692601954355,12509.354933138671,0.6421314474001999
180,-208.16373484622721,13844.25225276501,-57.138585767471994,48350.96775189583,0.6525655764049549
179,-190.8481954677709,42073.78049934694,-216.6161185135431,22035.958439499675,0.5265470610001683
178,-348.785383126481,38637.59641394183,-120.31434501621582,22080.47827511878,0.7240872770385309
175,0.6663987871741314,32035.636459071273,57.610839401730566,17904.94135239366,0.43829742004318134
113,197.5572316492038,23491.557056850506,-103.05435960051703,11097.444387117757,0.8063026582285899
114,197.5572316492038,21370.454937020702,-13.63226729221168,25238.335351844435,0.2806422494044799
111,-103.05435960051705,10618.11913584853,4.537208946467209,15730.392157872944,0.3720828278240403
110,184.32226556101952,10180.089170889192,197.5572316492038,21370.454937020702,0.48436960635419607
109,4.5372089464672065,14076.296957539711,197.5572316492038,21370.454937020702,0.7114426730899905
108,-13.632267292211688,22788.501156812028,-103.05435960051705,10618.11913584853,0.6033602374205386
112,-13.632267292211688,22788.501156812028,184.32226556101952,9407.721145966034,0.7191533302519841
194,-75.42059308111341,19865.252971496888,-42.50190400805622,27092.94230648228,0.4637862197071542
193,-74.99111632450776,12554.157727794527,-107.36296259588798,9068.638411904181,0.540205477474311
192,87.27843172279657,9142.105024636112,-130.5673002405182,7218.469693582615,0.7552925795254568
191,-117.17015536501324,13324.747033022906,-122.84838414448693,30347.632924939062,0.5063435778229309
189,123.18888057995467,16417.78782079794,-139.03663776884792,28673.820698326344,0.7653492414486864
185,137.90294006630944,27180.260874794323,46.16703027126299,30542.731654429776,0.4041797993429711
187,63.81321990158985,26175.97629242064,84.85463056009382,34795.30286650584,0.521931965055981
186,132.8799108723255,14172.56751710842,156.5749091434091,12402.951857578813,0.4713208783163241
184,-35.49879228120447,17654.947851977115,48.11276685618248,18261.192540781412,0.5956813089607127
183,105.62311674685168,19123.255129220383,13.986661209580657,31521.52568770249,0.40166484074524467
181,424.90165653638456,15062.31960358845,390.88161437644897,16650.28085961874,0.5400809722907521
188,92.72324187673867,26102.34437019903,48.34747374766701,26746.1146115368,0.547611931098531
182,234.180972534089,38943.05640192992,223.9188447479477,9137.528645704273,0.5112521520859787
196,-308.3488034315164,13034.692023610052,-283.0031063398104,20960.859289056283,0.5295582760858181
195,-270.69549564027534,13365.142346383827,-414.2015401554013,37788.77308588916,0.3487520975884142
115,-152.1958762600156,7100.3204333973445,92.54470638139804,9021.643133871274,0.7808072112387576
116,-152.1958762600156,7030.190204931852,120.43045116381508,11045.854188533,0.8026002310573173
117,-152.1958762600156,7030.190204931852,-59.482995242758875,11754.24148344265,0.6153343829317577
118,92.54470638139804,8794.771721985146,371.7937967356013,14239.991003038858,0.1978966024975266
119,-152.1958762600156,7030.190204931852,371.7937967356013,13532.974105644356,0.9387430293116069
207,-46.68043856586227,28298.633626458,-58.01843960339209,16939.38850511753,0.5125802455075458
206,-88.87997146266912,12093.441350649022,18.683929219489684,20915.159155240588,0.623857339697089
204,130.31179274821523,10889.851671502289,-35.27899630016918,16022.47919065443,0.6911781705938597
202,55.17362374748444,16735.375669761597,-38.79364664608894,10974.98092622891,0.6114833380768201
201,137.7352714272991,27615.329157891716,166.2219901668318,12834.762813102125,0.4677598502998832
198,104.92533988112456,26231.00800983642,205.96620375943144,8424.32414466974,0.6157154524782852
199,82.519817734731,16124.989127975408,122.61684243659795,26099.749130637527,0.4550253174666327
209,-159.83452465431682,27380.153156370277,-248.14603097478,16994.750983403377,0.5972834032309925
197,310.35299923838573,38564.52436443412,433.8195893964984,13955.207581333627,0.6303607713734314
210,-176.35086540745618,6669.493678763569,-328.05984880123714,13275.718705043444,0.6825897927414007
211,-125.0231754399594,23696.099421891267,-321.82362787605103,23402.831236348957,0.7056289277356018
200,307.8115741819986,11835.649821995345,154.44204189520414,23526.11348874733,0.6715541417612226
208,-132.07290145564087,8819.283029847309,-186.4557957003591,26210.008077756258,0.5628821096223862
203,69.13376215211056,21754.829324242295,138.5110088394439,8906.129905425445,0.418332575733514
122,-176.35086540745618,6535.019694593972,138.5110088394439,8466.391634892987,0.16058012581037534
128,-176.35086540745618,6535.019694593972,-7.118725743315574,33129.85597692568,0.6845219676615798
127,138.5110088394439,8466.391634892987,-7.118725743315572,28759.66230258126,0.33784002828354
126,138.5110088394439,8466.391634892987,-7.118725743315572,28759.66230258126,0.66215997171646
125,-328.05984880123714,12472.700678647047,-176.35086540745618,6535.019694593972,0.31652500171008735
124,-176.35086540745618,6535.019694593972,130.31179274821523,10302.480061011838,0.8310765006767913
123,138.5110088394439,8466.391634892987,130.31179274821523,10302.480061011838,0.48963061719608947
121,-46.68043856586227,23254.576131440303,69.13376215211058,18802.82622497576,0.3722022658446314
120,-46.68043856586227,23254.576131440303,-176.35086540745618,6535.019694593972,0.6503001080612327
224,94.80150193756286,17583.03664903507,134.0689927247168,11992.847690465182,0.5467253569739454
225,60.93309234017676,16173.761010309003,128.78493886737118,20238.2498150576,0.5777565185930505
226,54.312917236992334,21133.109837491877,83.0343923032432,15233.222886955316,0.4668861182542611
227,89.23198281206159,21425.404069193773,60.0665358590226,19551.78652173982,0.4670706464640553
228,149.31193796056633,15416.77527821294,160.717826846782,9905.661634867578,0.48609297733566
131,-311.3052872603128,10947.46710238141,-200.34017908818814,5582.755735749519,0.36119906429892745
230,-48.41864017414766,15220.017326878995,-200.34017908818814,5518.599055164865,0.6820855414921124
223,126.32262446525476,14861.152040084075,334.12954500357006,11953.429079223715,0.7339385849110355
231,-93.77637847339912,23416.186102719315,-137.19643645552665,11973.762338401531,0.44979438279676376
232,42.08105025687511,6498.389379606751,-346.54399840963947,22468.203830782182,0.87143684858139
234,-308.1406464223109,16151.440458381101,-311.3052872603128,10263.280006818091,0.5038372173804277
229,-130.07430348001864,8544.51392261142,-96.27346300700997,16414.629560168407,0.4587816263108362
222,211.08883274361665,8561.66857043461,282.73104430987826,27324.30646754285,0.582231310686732
233,-354.32820445005973,12530.372953325348,-266.5157342178111,24335.54749974714,0.5999464690626739
221,467.54112558794685,13992.6538975489,212.4030443529752,25765.573763035354,0.7642916624322673
129,160.71782684678197,9301.610108506511,42.08105025687511,6545.775431486333,0.6484583315662641
130,42.08105025687511,6545.775431486333,211.08883274361665,8167.6014579834955,0.7068877783291931
244,-155.51464118713412,15830.654346092195,-270.1421304413644,13538.432819689015,0.6339320966096198
246,31.00900787762431,18890.429018651346,-98.06918682609366,10911.571702984194,0.35035775675533176
245,16.32316897695508,6039.874380411409,50.529521768106186,13645.783841340715,0.5429406157775443
243,-23.825564677703415,13951.52981864416,31.67307921782832,14886.04914187448,0.4338869487990844
242,176.67774479132535,18631.449343199918,161.10906253690612,11331.206234212521,0.48147005506795815
241,-213.7667208500538,19944.635675227768,-153.922401308723,20538.84638401369,0.5674422353599234
240,495.98544088615273,13970.04280669312,334.9853691822858,25805.308644341083,0.6761538868143807
239,-358.75596816880955,22103.091551699108,-228.98585647063302,5398.206210643175,0.3479446225801803
238,104.80967446014122,18567.20763744269,188.34595444959933,15146.472874407742,0.5965740894326713
236,153.64770022607655,8726.015480985727,38.67435607600775,16073.009819728013,0.63737152591808
237,107.57996356763354,17436.6601170437,-108.00324820905405,8162.88619508053,0.7426840672172917
132,6.408812853375425,19834.10032307485,214.86877249309845,7979.44348517752,0.7335613304892523
235,354.2538276949324,37926.18589076027,360.8548044977299,11917.789407199985,0.4928136791293267
251,190.25949852859108,10847.380754104523,79.4746167994431,12508.982101501997,0.6335681757820922
253,-310.9437215407348,9288.849951121461,-255.31524444542072,18313.094306038143,0.5666817016669103
254,304.97205206450184,21556.235746574202,340.91208841546984,10916.364273829187,0.5421774778523634
255,209.34923341344467,14431.291510999807,134.9684498393519,16589.55466516942,0.5873012137321725
256,-375.02628408387505,12438.093353885133,-287.496685740103,16593.239009961962,0.39662758943796156
247,456.6679687643909,39018.28355802045,510.74913444192424,13606.685294656294,0.4419968437801323
248,72.2500250499419,16184.655099894811,180.52644581477378,8795.347432577964,0.6295882955409462
249,-294.89564310745493,13019.108609377974,-250.2271447551344,5457.09467959066,0.5563760526499468
250,130.75877169872342,15674.475711637448,-65.95819896691727,10289.126144741229,0.7239083033067403
252,23.228832930584186,12453.023688972487,0.2058592165948002,5964.195627504818,0.4708497935817818
257,257.8456942176569,17720.928304423735,-108.14396866700842,8086.4185388610995,0.8611868530916066
258,257.8456942176569,16916.068435213543,-331.07379858535984,9224.060056271139,0.9531995938462356
259,-108.1439686670084,8212.17164203805,-331.07379858535984,9304.749020679397,0.7587966931426936
261,239.7922013088318,13786.501235512053,374.30574013789123,10592.693057906776,0.3403010158507276
220,0.0,60235.272498719016,0.0,60235.272498719016,0.4999999962173215
212,239.7922013088318,12852.826692574374,231.0384257546193,8105.129436354652,0.5109325031597985
213,239.7922013088318,12852.826692574374,0.0,60235.272498719016,0.7251854485517126
215,374.30574013789123,10166.03254593599,0.0,40183.58391725463,0.842221948451118
216,374.30574013789123,10166.03254593599,-83.94789296732085,21949.422142560074,0.9041583658037254
217,-83.94789296732085,21804.638064916857,0.0,40183.58391725463,0.41351973209568166
218,-83.94789296732085,21804.638064916857,0.0,45615.51732352175,0.4151515208393018
219,231.0384257546193,8074.249616417225,0.0,40183.58391725463,0.7358729482890636
276,-232.6569554024045,5428.695351764683,-46.71647947071681,10627.567358534372,0.7234633757394587
275,359.65718218398126,9226.293460832778,496.09905048957035,11591.243844058323,0.3352103748591418
274,-337.27375511439124,9038.371167503039,-14.47435704402315,16323.772476058737,0.8327953496200868
273,-14.474357044023154,15523.248580151727,26.00918923459012,5943.925339057838,0.4497316342347386
272,0.0,60235.272498719016,232.36204299722039,7756.364127851294,0.7223625680686092
271,232.36204299722039,7623.361115833553,333.40800229035875,12829.991134808186,0.624175114905753
266,-232.6569554024045,5783.762748147878,26.009189234590124,6187.911877111059,0.7985536416082633
269,-337.27375511439124,9103.22967499989,26.009189234590124,6187.911877111059,0.871355496063175
268,26.009189234590124,6187.911877111059,232.36204299722039,7623.361115833553,0.7470656549834097
267,-394.0894817415309,23733.37249603202,-14.474357044023154,15523.248580151727,0.8558294493064151
270,-14.266554134722142,26401.952684102176,-232.6569554024045,5783.762748147878,0.7386938377726712
265,-337.27375511439124,9103.22967499989,-232.6569554024045,5783.762748147878,0.3675404365570751
277,-326.8307767784712,8187.555115890176,-276.33784769103005,5402.870366723539,0.43444926812869683
278,-276.33784769103005,5335.475787491933,-34.13747657589274,11178.10812636246,0.7780127086676504
284,-390.8485542857823,25397.129142684367,-305.4550320665642,7628.792444892946,0.5989907126316688
283,-390.8485542857823,21424.434008573717,232.87449549093665,7064.55871018205,0.9598406641438284
282,-305.4550320665642,7354.0647842847475,53.38352694934609,13695.306291313169,0.8619736621034585
280,53.38352694934609,13415.735918590313,391.53396622942523,8898.390997079632,0.8469891402268817
279,-390.8485542857823,21424.434008573717,53.38352694934609,13415.735918590313,0.8951890291321525
281,17.80575241993574,25773.936362810087,232.87449549093665,7365.4717027619845,0.7346625992526366
366,0.0,60235.272498719016,-12.0930729870045,22267.51056162455,0.5117219221565018
372,0.0,60235.272498719016,-328.83607853277994,12469.694636648597,0.20651698710791988
371,0.0,49087.835801853544,0.0,60235.272498719016,0.5000000037826589
373,0.0,60235.272498719016,-328.83607853277994,13490.140506721167,0.20728090447107783
370,0.0,40199.783277660834,0.0,40183.58391725463,0.49999999621752234
369,0.0,60235.272498719016,0.0,40183.58391725463,0.4999999962173683
368,0.0,40183.58391725463,-12.093072987004508,19375.56143720037,0.48732439210393363
367,0.0,49087.835801853544,-12.093072987004508,19375.56143720037,0.48772353789619804
365,-328.83607853277994,13490.140506721167,0.0,60235.272498719016,0.7927191030920141
359,0.5116639361020773,11784.095167509251,-4.51306008694189,32344.87468507503,0.5056025360890676
363,0.0,49087.835801853544,0.0,49087.835801853544,0.5000000037826224
362,0.0,40183.58391725463,0.5116639361020958,12164.993350812863,0.5005514965982367
361,0.0,40199.783277660834,55.9602962783627,11497.380577964044,0.560221955785512
360,0.0,60235.272498719016,55.96029627836271,11962.763672971247,0.5559008029132173
374,0.0,60235.272498719016,0.0,40527.614098474645,0.5000000037826329
358,0.0,49087.835801853544,-4.5130600869418975,26335.38791649038,0.49552432188372164
357,-328.83607853277994,13490.140506721167,-4.5130600869418975,26335.38791649038,0.8185937931512193
356,-12.093072987004508,19375.56143720037,128.32933417189008,14461.41004534712,0.6590467082352457
355,-4.5130600869418975,26335.38791649038,128.32933417189008,14819.151993546599,0.3537498162360808
364,0.0,40527.614098474645,0.0,49087.835801853544,0.5000000037825723
378,0.0,40183.58391725463,0.0,49087.835801853544,0.5000000037825696
353,0.0,40183.58391725463,128.32933417189008,14819.151993546599,0.6340326046922184
376,0.0,49087.835801853544,0.0,40183.58391725463,0.5000000037825696
377,0.0,40183.58391725463,0.0,49087.835801853544,0.5000000037825696
354,0.5116639361020958,12164.993350812863,128.32933417189008,14819.151993546599,0.6502695737455326
375,0.0,40199.783277660834,0.0,40527.614098474645,0.5000000037824823
285,-52.813730199797384,9938.173324269143,125.43565717457489,11271.85236374889,0.2901268330270395
286,-52.813730199797384,11211.415879243636,0.0,60235.272498719016,0.44708888380837747
287,-436.0927572276255,23231.349005521228,76.71171713128282,12817.172608464234,0.9232662828727993
288,76.71171713128282,13734.264908084355,125.4356571745749,10852.399671553443,0.5594037433999106
289,28.883767569637687,5792.9817648807275,267.882728813636,7174.387860121023,0.7796012236815576
290,46.763615818763625,12221.083841203155,112.42713495769237,9805.341661475979,0.5808829147951113
291,-281.4306903360671,7178.504055065218,112.42713495769237,9239.981464353225,0.887667518636748
293,23.967916541418223,7088.736646635636,281.08163129349424,8100.676027216306,0.7929915509699323
294,-281.4306903360671,8373.649108977283,18.954676319323216,10147.90564371009,0.17575522185468062
295,-266.0802573704759,5230.218848751376,23.967916541418216,7007.303491379263,0.8242139403578479
292,-281.4306903360671,8373.649108977283,-266.0802573704759,6605.096664193492,0.48014746418719806
296,-229.89938200397046,7243.652664581779,135.61572518397168,9209.128883259289,0.8713609333853536
297,-27.729600269680777,9819.85229664502,135.61572518397168,9106.927477388592,0.696304706804441
298,-27.72960026968078,9365.28837545622,29.697767349754276,11035.917455196353,0.4284895536576276
299,-27.72960026968078,9365.28837545622,-129.55162172929434,45253.61045256771,0.6073300150687969
301,29.697767349754272,10278.142089679466,289.48305922094943,8019.22920989735,0.20858314291901184
302,-281.4535114648929,6315.502467195824,22.750243364342293,6825.344398124822,0.8339207187111066
300,-229.89938200397046,7244.330394051057,22.750243364342296,6799.971849393967,0.20946087579022066
306,-419.676490683565,23396.674398053336,162.74578957666012,8683.296946618375,0.947994356000385
311,-3.979963069284168,6404.531979911893,-21.290302496671085,18509.967199662377,0.4788542330921488
303,-282.6810635621683,6278.475799503269,235.93676761684395,9046.152945088897,0.9409241253744365
304,-419.676490683565,23299.910552273297,49.2808358671133,9634.9116665703,0.9081849520735126
305,-197.76994958743322,6857.828025422223,49.28083586711331,9622.140593539276,0.7824413275657616
307,-282.6810635621683,6389.559945449612,423.4829905211315,8997.720565681595,0.9786242198332931
308,-197.76994958743322,6783.7322592233295,-3.97996306928417,6238.952504349556,0.2647866277051339
309,-197.76994958743322,6783.7322592233295,-282.6810635621683,6389.559945449612,0.39055266471908756
310,-419.676490683565,23299.910552273297,-197.76994958743322,6783.7322592233295,0.7440531304564904
312,-3.97996306928417,6238.952504349556,-21.290302496671085,18144.416392026214,0.5212060362687225
324,-28.7279163938884,5646.025514670365,383.06101076337455,12470.07093164727,0.8952802975338757
323,-75.29898619869603,7867.796848487993,597.860900711661,39404.702853300536,0.9608900234336077
322,-52.44707229999104,48898.75101868154,165.35922978341927,8790.553036842739,0.7169482701866565
321,64.86724827737054,10281.763780439906,597.860900711661,41358.98336993726,0.919331410974829
320,-265.13045142369316,5931.872967624272,244.6306006381872,7656.619656359997,0.060553162369838216
319,0.0,60235.272498719016,239.0612466190589,23546.171131257805,0.7179287897327037
314,-193.2260801122819,5987.386752645074,60.806064947823515,9302.986705168367,0.2098421382790645
317,-28.72791639388841,6048.523058383762,0.0,60235.272498719016,0.4706367272722043
316,-75.29898619869604,10786.538683294244,0.0,60235.272498719016,0.4246992408243863
315,0.0,60235.272498719016,-189.38975691163324,40328.22988183382,0.6684519817276452
325,-49.700932264809445,32731.444824578073,239.0612466190589,23636.755831001068,0.7769052451973728
313,-49.700932264809445,31712.364478499272,0.0,60235.272498719016,0.45329106391520685
329,0.0,40274.8306070927,64.86724827737055,11512.646687608041,0.43031706313814166
318,-456.2672613908086,22185.132541220584,383.06101076337455,14497.054691244712,0.9859930693723401
326,-265.13045142369316,6365.490117448954,0.0,43781.32441627536,0.23668781996738644
330,0.0,45587.66840578022,-189.38975691163324,32615.06245583339,0.6792098070696432
328,60.80606494782353,9336.744280710898,0.0,40802.112824188174,0.43420579879572585
327,-193.2260801122819,6279.858347867202,165.35922978341927,8818.852733762642,0.8686965175916118
331,0.0,40455.453707290595,-52.44707229999103,39721.69027414744,0.5510707524632972
332,-456.2672613908086,22535.24028513397,244.6306006381872,8220.569813986014,0.027421512248866606
333,383.06101076337455,14497.054691244712,0.0,40802.112824188174,0.1566981068110479
334,-265.13045142369316,6365.490117448954,239.0612466190589,23636.755831001068,0.9247546716411873
335,165.35922978341927,8818.852733762642,597.860900711661,41358.98336993726,0.8758282235263735
336,60.80606494782353,9336.744280710898,-28.72791639388841,6048.523058383762,0.6136986659445246
337,-49.700932264809445,31712.364478499272,0.0,40274.8306070927,0.5497200391442911
338,-75.29898619869604,10786.538683294244,0.0,40455.453707290595,0.5809062817812305
339,-456.2672613908086,22535.24028513397,-193.2260801122819,6279.858347867202,0.7820854771173337
340,0.0,45587.66840578022,0.0,43781.32441627536,0.5000000037825705
342,-52.44707229999103,39721.69027414744,-189.38975691163324,32615.06245583339,0.36561651667758754
343,239.0612466190589,23636.755831001068,597.860900711661,41358.98336993726,0.18019232575291047
344,165.35922978341927,8818.852733762642,0.0,40455.453707290595,0.6739732346474552
345,-265.13045142369316,6365.490117448954,0.0,40274.8306070927,0.7663728911565078
346,-193.2260801122819,6279.858347867202,0.0,40802.112824188174,0.7022786779838661
347,0.0,43781.32441627536,383.06101076337455,14497.054691244712,0.8407632857819269
348,-75.29898619869604,10786.538683294244,-189.38975691163324,32615.06245583339,0.6252639403167759
350,64.86724827737055,11512.646687608041,0.0,45587.66840578022,0.43172744439979915
351,-52.44707229999103,39721.69027414744,60.80606494782353,9336.744280710898,0.6215710648314685
352,-28.72791639388841,6048.523058383762,244.6306006381872,8220.569813986014,0.8080352108292879
341,64.86724827737055,11512.646687608041,244.6306006381872,8220.569813986014,0.2870168886681834
444,127.72130388272369,6694.28577702147,472.4256169224426,10209.082457011791,0.1422989971496566
451,-30.990247909923916,5051.473670900486,228.9254431930234,11063.30243497182,0.7942519792449217
443,-198.54257107736925,5596.500203252827,411.6345274856219,10431.343944536551,0.9634321684202627
456,-198.54257107736925,6110.258706935668,-30.990247909923923,5449.241483269666,0.7088621893945178
452,-198.54257107736925,6110.258706935668,228.9254431930234,11423.19263247776,0.9035826263877792
415,13.802659118197653,24285.66869755851,0.0,60235.272498719016,0.48670522902236435
416,38.63822111592789,7412.575420575341,-156.89534897614337,25120.623405635975,0.7164812635187506
418,161.29971626460144,26419.855400291457,-354.4511846034045,15635.604460424962,0.9198368325091584
419,179.70793327161118,8140.026992395669,0.0,60235.272498719016,0.6759397299159245
420,-143.790223776422,5457.452199191658,0.0,60235.272498719016,0.3560969662473684
421,-412.24827419642196,43325.31871516601,0.0,60235.272498719016,0.8251372691547965
422,0.0,60235.272498719016,-124.0950006492187,42772.8248085495,0.3882856669379452
423,0.0,60235.272498719016,0.0,60235.272498719016,0.5000000037826785
425,-209.8409270023047,5880.344488966854,38.59223571361348,8951.68424220576,0.785766752328835
426,-281.7681463680992,15788.297768509707,1.7224346996529956,12908.06933588328,0.7991347744763267
427,319.47325828677907,11703.030302896308,161.29971626460144,25987.393750096006,0.6747931155906637
428,245.0762179541113,11275.835057831979,179.70793327161118,8341.229513621365,0.41839259071817503
429,-25.114708922544718,5315.448711408438,-143.790223776422,5878.448352729482,0.6526060466593147
431,38.638221115927905,7703.644050714238,-124.0950006492187,34522.11633598411,0.6761520843306725
432,0.0,60235.272498719016,0.0,40183.58391725463,0.4999999962173683
433,-7.13158281409956,23581.42070341113,-354.4511846034045,15902.643586555309,0.834917350996029
434,0.0,60235.272498719016,0.0,43455.23580153692,0.5000000037826434
435,-241.73290790879824,26487.539616089533,0.0,42346.96324955159,0.7296332531584466
436,0.0,40204.68461791123,0.0,60235.272498719016,0.49999999621736824
437,-156.89534897614337,23310.51357812685,-291.2375637571089,10792.310306233334,0.3476268088751182
439,1.6381747234754767,21524.98603459567,-143.790223776422,5878.448352729482,0.33073727265471176
440,-241.73290790879824,24814.715371414655,1.6381747234754649,20264.20905599088,0.7493435756395621
441,1.6381747234754649,20264.20905599088,0.0,40183.58391725463,0.4982882679655066
442,0.0,60235.272498719016,1.6381747234754649,20264.20905599088,0.4984017988144884
414,-25.11470892254471,5229.314181962569,1.7224346996529802,14045.423044369743,0.4662015754653945
430,13.802659118197663,20675.11655062786,0.0,52122.42688638383,0.5138056909327066
413,245.0762179541113,10444.544823785202,38.59223571361348,9168.099013729987,0.25965028659901634
424,161.08860397360212,7096.383119243297,153.4846119486446,11354.82472671967,0.5096346379503532
411,-281.7681463680992,18022.025468481832,0.0,40183.881301092515,0.23005572979383018
379,161.08860397360212,6812.40614856802,-412.24827419642196,43646.578449751025,0.9338776716013659
382,161.29971626460144,25987.393750096006,0.0,40204.68461791123,0.33982782300793957
383,179.70793327161118,8341.229513621365,-156.89534897614337,23310.51357812685,0.8356216676545922
385,319.47325828677907,11415.4261585459,-354.4511846034045,15902.643586555309,0.9697420687188311
386,245.0762179541113,10444.544823785202,0.0,43455.23580153692,0.743453554657903
387,-25.11470892254471,5229.314181962569,0.0,42346.96324955159,0.47242486733313316
388,153.4846119486446,12101.23885441242,0.0,40183.58391725463,0.6604670020684379
389,38.59223571361348,9168.099013729987,-291.2375637571089,13247.182417503514,0.15885786218890297
390,1.7224346996529802,14045.423044369743,0.0,40183.881301092515,0.5018428071965474
391,0.0,52122.42688638383,-7.131582814099563,23555.61665645644,0.5070663532335905
392,-124.0950006492187,34522.11633598411,0.0,40183.58391725463,0.378699860307211
393,0.0,40183.58391725463,-241.73290790879824,24814.715371414655,0.7323008604735705
394,161.08860397360212,6812.40614856802,161.29971626460144,25987.393750096006,0.5002478797470649
380,-209.8409270023047,5823.627491522006,0.0,41818.728391445955,0.28269452973196846
395,-209.8409270023047,5823.627491522006,179.70793327161118,8341.229513621365,0.887805601355184
397,319.47325828677907,11415.4261585459,13.802659118197663,20675.11655062786,0.8127785577600547
410,-209.8409270023047,5823.627491522006,-291.2375637571089,13247.182417503514,0.6014750561606244
409,161.08860397360212,6812.40614856802,0.0,40183.58391725463,0.6712681559885554
407,-156.89534897614337,23310.51357812685,0.0,40183.58391725463,0.3425380500528635
406,0.0,40204.68461791123,-7.131582814099563,23555.61665645644,0.5073618484285338
405,0.0,40183.58391725463,0.0,40183.881301092515,0.5000000037824774
396,-281.7681463680992,18022.025468481832,-143.790223776422,5878.448352729482,0.33606643329629443
404,0.0,41818.728391445955,-291.2375637571089,13247.182417503514,0.22008973916421704
402,1.7224346996529802,14045.423044369743,0.0,40183.58391725463,0.5018428093358225
412,319.47325828677907,11415.4261585459,153.4846119486446,12101.23885441242,0.6946943371398361
401,38.59223571361348,9168.099013729987,-124.0950006492187,34522.11633598411,0.6750843958610517
400,153.4846119486446,12101.23885441242,0.0,52122.42688638383,0.6538504358121613
399,-25.11470892254471,5229.314181962569,0.0,40183.58391725463,0.4721739972004746
398,245.0762179541113,10444.544823785202,38.638221115927905,7703.644050714238,0.25802628839241903
403,-412.24827419642196,43646.578449751025,0.0,40183.58391725463,0.8383672482822052
381,-281.7681463680992,18022.025468481832,0.0,40183.58391725463,0.23005548860185102
453,-150.95474096097226,5170.126030213146,195.4213038315904,7914.83201140484,0.8634029616962511
449,-150.95474096097226,5125.714922619604,44.64711610532784,17882.0292447098,0.2741884071637654
446,122.38689866793425,7222.835640092688,206.53660337827517,6216.262547552083,0.6083191866948534
445,60.86836250453347,4623.296896334527,25.193490460402867,15304.630481216678,0.5447135067413358
450,-131.35107187237475,4874.792913247484,-28.518116895593096,16234.967875019418,0.37415955116394545
448,-131.35107187237475,4862.395918796841,222.54081826375386,6026.55576475866,0.8708523854684973
447,-88.14772653304706,5185.114142127276,222.54081826375386,6072.951733760101,0.8411818428136295
454,74.17007955372506,4515.1505404380905,205.2235781656727,7760.874378211716,0.6663630243821289
455,-337.34767607962533,15933.08226533267,111.78445124458395,6855.990444570328,0.09149586599703385
457,-158.0686181549409,9882.900745003108,74.17007955372506,4536.076254304626,0.771441734105893
459,-158.0686181549409,9576.254576693878,-131.35107187237475,4862.395918796841,0.5346348925623369
461,-317.7378404794686,39586.599412750016,-108.91473865364387,4535.563389291683,0.7191775352673485
460,-188.7321746811928,9087.403604585174,-108.91473865364388,4582.7363721005195,0.6027492539340066
458,-108.91473865364388,4582.7363721005195,75.07760816505572,4432.562121442564,0.7298854499853715
487,161.5704509456761,10251.773726828003,-101.09947919491547,4325.83837645115,0.7985941388789518
488,161.5704509456761,10232.29919752735,175.66429968524187,31114.06454731577,0.48409793708086335
489,161.5704509456761,10232.29919752735,223.36968048800065,7589.323611205161,0.42198443008553826
490,249.58879916009457,8028.799846536691,-101.09947919491546,4355.128151713142,0.867014087992201
491,249.58879916009457,8307.716769114188,-261.116993918316,12777.970928152024,0.9340072751240918
492,223.36968048800065,7417.6128948730375,-206.48939405993562,8796.539061420593,0.9060241668597258
493,223.36968048800065,7417.6128948730375,-83.03603254829459,5194.727599444522,0.8362529454924951
494,3.046359864408553,14722.895786214727,-261.116993918316,12807.688871521465,0.7844385981758032
495,3.0463598644085508,14142.417523239252,-101.09947919491546,4355.128151713142,0.629208789848398
496,175.66429968524187,28632.847766988707,7.250341797141449,8500.170670914702,0.6856272250592422
502,-83.03603254829459,5371.585706291576,-206.48939405993562,8733.991319216017,0.6556691749385187
498,161.24698976604952,15788.63411005044,-116.18875949592879,22579.14097612577,0.7841894091386266
499,161.24698976604952,20144.90592219554,-261.116993918316,12807.688871521465,0.8860000838948173
500,83.83271076480507,6742.59571395298,-116.18875949592879,20852.519844129285,0.7255553426287765
501,83.83271076480507,6753.363130558522,3.0463598644085508,14142.417523239252,0.5997187179729557
486,315.7225555760212,15543.354038003712,83.83271076480507,6753.363130558522,0.7616579467667103
503,-261.116993918316,12807.688871521465,83.83271076480507,6753.363130558522,0.14527155676961412
504,-206.48939405993562,8733.991319216017,7.250341797141431,9113.231032478128,0.2504800973201472
505,-101.09947919491546,4355.128151713142,-116.18875949592879,20852.519844129285,0.5184061645995843
506,7.250341797141431,9113.231032478128,-116.18875949592879,20852.519844129285,0.6433262825931381
497,175.66429968524187,28632.847766988707,-83.03603254829459,5371.585706291576,0.7729573468681231
485,315.7225555760212,17809.81757936914,-83.03603254829459,5371.585706291576,0.8831270778283526
471,519.6887824438851,22156.444311904146,3.0463598644085508,14142.417523239252,0.9244863226229726
483,447.2714943094023,11795.29573539943,249.58879916009457,8307.716769114188,0.7310105466984463
484,315.7225555760212,17809.81757936914,175.66429968524187,28632.847766988707,0.6505130220258469
472,519.6887824438851,22532.448239010606,395.7620739576645,11075.782008428114,0.64146274857322
473,519.6887824438851,22532.448239010606,447.2714943094023,11564.013414660783,0.5837992338527782
474,519.6887824438851,22532.448239010606,440.07374187213554,11054.852695363194,0.592188659419016
476,440.07374187213554,10714.46329708905,249.58879916009457,8307.716769114188,0.7248693756227288
475,440.07374187213554,10714.46329708905,223.36968048800065,7417.6128948730375,0.7520707865602698
478,395.7620739576645,10689.721001031017,161.5704509456761,10232.29919752735,0.7653651766794543
479,395.7620739576645,10689.721001031017,161.24698976604952,20144.90592219554,0.7548981449533431
480,395.7620739576645,10689.721001031017,-206.48939405993562,8733.991319216017,0.9600255815179438
481,447.2714943094023,11564.013414660783,7.250341797141431,9113.231032478128,0.9063696686877948
482,447.2714943094023,11564.013414660783,161.24698976604952,20144.90592219554,0.7979139619740672
477,440.07374187213554,10714.46329708905,315.7225555760212,17809.81757936914,0.645324042960246
465,0.0,60235.272498719016,0.0,60235.272498719016,0.4999999962173215
463,-425.0480096234697,39805.48289716423,0.0,40183.58391725463,0.15164165039525737
464,-425.0480096234697,36707.0322459651,0.0,60235.272498719016,0.16332623101877797
466,0.0,40183.58391725463,0.0,60235.272498719016,0.4999999962173683
462,-425.0480096234697,36707.0322459651,0.0,40183.58391725463,0.14938183331649943
468,0.0,40183.58391725463,0.0,52544.776077704766,0.49999999621740643
469,0.0,40183.58391725463,-136.16853381415729,15327.459382991608,0.6415839562557089
470,-136.16853381415729,14255.77017877265,0.0,52544.776077704766,0.36389575238008254
467,0.0,40183.58391725463,0.0,40183.58391725463,0.49999999621752267
507,301.4878975353786,38484.7415108509,-68.2331814937805,18491.434148809687,0.8335270235309665
508,0.0,60235.272498719016,229.19988621818487,8621.72305666441,0.7191124753058094
509,87.57298932486812,8059.665797415194,-156.6293770844803,13050.996463331154,0.7742760859579999
510,-179.49499843298273,23594.913324056793,63.70622341008061,10790.932469753876,0.7591157279006814
511,-191.55076899304052,10076.36299764688,-357.19694974006677,22854.257990546303,0.6861331682548151
512,-270.45142516751247,27626.164957209912,-236.0459462236035,18377.77394641479,0.537995355171795
518,-174.21902794376524,12549.690004464483,-329.9663306285678,26934.868285833985,0.6710209709020658
517,-395.68248780013033,22516.043936987953,-54.06071549645517,48704.06547963361,0.8034333450188742
516,-81.05148470011969,18474.8362870164,-208.70079706062694,22259.126591038,0.6410551592578476
515,-206.542238013342,16282.162520279544,100.00015330801749,8311.763174610429,0.8217201713154546
513,75.1512064016155,10982.60825851575,323.3270752944868,37775.939627239626,0.7503103690343448
514,241.40551131459293,8386.2522637331,-179.16949630488998,11941.84417453332,0.8974324791779124
519,367.01863303699326,36392.94982652114,246.69939300357973,8398.624835900222,0.3689177879491402
520,107.07794144555292,8244.166147231112,63.39339160615317,10617.542890719289,0.5550208014742518
521,-190.15041572653774,11975.392775267925,-48.57261707615246,16759.86024632857,0.6640486278213398
522,-26.187003537429522,41539.4949100856,-229.81489494660406,16119.160925222124,0.29569816217094025
523,-243.5054576042582,21019.64586441396,-162.04152889994188,11890.84046839655,0.5945856581244533
524,-379.76457987547474,24981.274249648846,-414.6127672394812,22190.416583061833,0.5382954548653305
529,-163.10401336678962,13478.790619711162,-31.35343898473516,14776.504451823621,0.3463133749296354
530,-467.98379075450276,21099.069208064993,-280.82939387287786,20174.248205629123,0.7009314363537428
528,-315.6558618258858,20149.031030906706,-208.69903012783666,11524.973744479967,0.6239527992064122
526,272.34620695235697,8266.123762512734,132.5403438142865,7910.10162490553,0.3272225672735195
527,36.74081398752242,9727.145593541576,-161.7104306327566,35429.71513590667,0.7086710068206299
525,-135.0638653750742,11031.264074119716,274.1105462915431,21734.972679008464,0.8791744926467728
541,0.0,60235.272498719016,302.5905947301453,10584.853506932752,0.22399434024377327
540,-92.57903962883975,4092.0144427732994,96.82114363300094,4513.506987514346,0.7361870290675399
539,-172.00700527207633,7528.247373269435,96.82114363300094,5212.342124881717,0.8062420874084691
538,-92.57903962883975,4699.297049736429,263.47497982656216,6015.587209487056,0.8724023473258979
537,-34.16804108009849,28779.99496828099,263.47497982656216,6900.668829724578,0.1971061217393113
542,-172.00700527207633,7960.172060876996,-92.57903962883975,4699.297049736429,0.3971023332340625
546,-124.55877973829882,4502.517583918559,97.52408502790934,5101.357210824143,0.23193443566060018
549,485.7397536676335,10581.165360374236,493.97416554336274,9561.627945740065,0.48966826629782506
548,-164.22149976354402,7366.502757127273,97.52408502790934,5122.858402063951,0.19946713640304664
547,211.6287318931804,50178.652501888406,230.09041909524396,6459.320885008804,0.4804393957693963
545,-164.22149976354402,7269.880678753715,-124.55877973829882,4556.484582917052,0.5521775849539285
543,211.6287318931804,35519.51404577695,241.9356337981519,13623.70017157714,0.4669506823856737
544,100.9671052979551,27689.772647301033,230.09041909524396,6288.306231845614,0.6468480829853567
536,-254.8176335175483,17593.78535282662,-354.46256036233723,19289.200236301673,0.6130228587096959
535,-201.48362147690148,31641.852026769433,-140.89281238224717,10887.074224794907,0.4323309528704713
531,155.34487941110848,7596.3934505973,268.103482220747,21128.808131443995,0.6322500892269562
532,-126.56090366781166,12243.487145107476,232.95150861119004,7711.435832806964,0.8636395731927831
533,-203.20476164981721,10747.467101569475,44.18629839073565,9371.778341146786,0.22169292743100794
534,-83.37089318336399,13253.9882637895,-507.5577446990105,20783.32762168397,0.885921524580855
550,55.73375195703049,22602.799444064287,-167.29533962667233,15216.098249181608,0.26230010331059406
551,68.17746867113765,6058.802262373662,225.21759901461436,6128.033670147874,0.3035742758006967
552,58.452108884702675,14187.001745928499,403.611890084491,39689.54978074496,0.17993693856515772
553,55.73375195703048,20175.98896828581,-84.60643674730132,4894.0311762425945,0.3344079211609169
557,-364.8627759824932,38393.76707785193,189.99191307554196,5924.384111699062,0.0680276302672745
556,-62.99182541886941,5673.871241785992,-93.59283713821064,4237.708373407247,0.5408230307815354
555,-93.59283713821064,4420.335560887577,240.21975012133066,7910.8731892643755,0.8560547623321444
554,56.18003154478996,4803.565539168449,10.797650971103359,11285.674895846332,0.4419185812639155
558,245.30037877799273,23882.76274499628,-157.80670275112118,10396.600350094084,0.8743658772135204
559,-108.51342008046069,4331.477026825965,96.7027050232255,6690.673734776018,0.7494439421852439
560,-148.43655033712847,6646.840180094417,155.70528113115222,5854.813538474763,0.8347041423944731
561,43.69412969191264,18262.733497030596,0.0,60235.272498719016,0.45718613218347115
562,0.0,60235.272498719016,133.2254894280671,17284.618053742,0.6287516684619184
563,0.0,60235.272498719016,210.94060828021225,6717.097977468425,0.7046430240902235
564,-52.85583082797239,5557.159507364703,232.69347701324864,15686.991848792837,0.8093180737440532
565,0.0,60235.272498719016,-94.99461487008017,16440.222325245242,0.5929121360000342
566,0.0,60235.272498719016,420.5158636419217,9927.767993401556,0.8531491859985756
567,0.0,60235.272498719016,0.0,60235.272498719016,0.4999999962173215
577,-121.0340441712606,15646.254155886294,-115.73687066933074,4535.523144310662,0.5066453999867044
576,426.4973671830721,11312.188640037415,219.81077419378795,8046.5939268792845,0.7408370983203536
575,-1.9583080519603402,21278.35091026963,-24.186856973474068,53577.43637392774,0.5220742203903834
574,252.61474472852996,20099.656765877568,91.73149103061209,45781.8561982348,0.6599470438321275
570,155.6441292053702,16287.89004404573,160.71011718821816,6069.925315147743,0.5062781729516275
572,-156.56308383171427,7129.472517825356,-58.746369790565694,48175.764807293555,0.397053070062097
571,106.40648853364875,6919.645805593257,119.76004756333268,45199.29163612758,0.5144027701714928
569,-164.30521981680238,10722.974426768516,-74.1807809205679,46789.61630275625,0.4057551456467941
573,-91.73149103061209,45781.8561982348,-59.50910685007081,5744.113738597884,0.5347965187696189
584,103.41688399448746,6708.023210957272,-156.75588663387884,14653.821536624317,0.7880564587145317
587,74.00023390338963,46802.94496215816,-40.30139232842073,5687.500868529069,0.37896072325260755
586,232.39337872781977,40696.124694285434,-92.23726938367871,4499.119315760531,0.8136329168731662
585,113.93450915894468,14875.250583755926,16.523248563001854,36835.65643392332,0.6039477395557272
583,-130.1215869924473,9900.44924460173,-126.47999615526436,6814.138429960333,0.5046622416466315
579,-190.25461583150047,43149.806644551485,-205.5582270404807,42089.10698143099,0.5147072845773721
581,214.88828798882793,7902.856667548192,51.69017242778265,18685.820360128357,0.6889458253819076
580,182.79555448390045,6017.101463669028,449.1008058163892,11072.939808669917,0.7985067649797463
582,-197.58757667567951,40335.44230962634,-113.93849622919292,43873.22109656384,0.5800865552029999
578,282.5228054448661,18789.102965478658,264.81901441710914,23433.79584555414,0.4801049696338766
597,-88.18674852489083,4610.537340810356,-116.06279955998914,30266.33540569624,0.532366540621114
596,465.0747978879445,10806.119738139336,-23.463662027669756,5620.095786952851,0.9299950054660435
595,-271.1405422509985,37888.18247947099,39.16311723713841,16979.677519873814,0.7944820032123623
593,-58.6646246606553,31092.763340585683,-157.7287326484894,9559.786950170923,0.38945767400527365
592,-286.098910192681,39573.63109657211,-50.26879544934098,31681.245283922708,0.7231006375853657
591,234.97827915045096,7697.862037154205,-100.82624682928318,6533.998235099455,0.8550286671802552
590,262.208297624871,38647.809534576554,328.6592110235828,22297.7910920781,0.5689336932523732
589,-61.28303141821127,32310.601620953305,-180.61344752509092,14005.181944829865,0.6292493946772265
588,185.59958432708441,6038.545712275802,116.75061105008979,6712.755740455449,0.5894369358032865
615,13.822627891485045,21693.83496796689,474.4952751620112,10802.56901680048,0.9049109649644468
614,366.6115716381268,14432.96337229411,102.79525588598295,6504.236683609801,0.7916876333978647
616,444.5642571556608,23126.658549244585,89.90135649584217,10081.543481227076,0.8461275374120566
617,61.54506842737756,4904.381886909819,202.0559506797986,6012.609772233122,0.6788423822382441
618,171.02884538598,18715.176724443896,527.340391954952,10774.483038241386,0.8510979520594018
624,58.149595210584685,23147.310042834986,681.9780192919648,20203.911759510484,0.9520170634411436
620,265.91328455272395,7461.859776663668,-77.73283820185567,4593.675688609102,0.8629056487065697
621,56.482945887636625,14356.148824468653,-103.5614854531518,6598.284398396645,0.690744565534586
622,-23.304745980540414,5767.574905578431,242.773673925876,7736.883904078607,0.1970939125217243
623,-199.4279195873709,13448.605641195833,-8.094085006288287,8014.572641310001,0.7231148796154347
613,0.0,60235.272498719016,-184.61084940038782,23902.99781112028,0.6720059727115717
625,153.87775038261012,7622.431083886688,0.0,60235.272498719016,0.6523728904860916
619,140.2441326600741,14876.154900447113,-190.24061849173708,27071.195660593814,0.8209029360025217
612,487.7198631124227,9510.182060363857,58.88746790435226,11387.105527799164,0.9008994837727893
607,-103.5614854531518,6954.11466752465,13.822627891485057,24394.95444893668,0.6357332613672416
610,0.0,43619.08045645639,681.9780192919648,22538.15345775868,0.9540445861702181
598,242.773673925876,8103.503555849965,487.7198631124227,11080.056623283153,0.7772326355923184
599,-184.61084940038782,21889.480153435314,58.1495952105847,30370.471767465977,0.7427945156872094
600,-8.094085006288292,10131.153807576395,366.6115716381268,15886.819558807856,0.8662973161576373
611,0.0,42640.53660209813,102.79525588598295,6957.773096047496,0.6104447218225995
602,444.5642571556608,24834.055947209425,56.482945887636625,18921.064302070274,0.8566724746702061
601,153.87775038261015,8848.527508398629,474.4952751620112,11234.775831872768,0.8373570413376236
604,527.340391954952,12131.0317075589,265.91328455272395,9899.164784082846,0.7883487688118999
605,-190.24061849173708,25134.855698681804,171.02884538598,20057.193394789214,0.8386397989886544
606,89.90135649584215,15628.610560311585,-77.73283820185567,5195.478331540659,0.699036023839325
608,-23.304745980540414,6269.840141024833,61.545068427377544,6148.795477016964,0.6098791882522314
609,58.88746790435226,12521.053630405408,-199.4279195873709,13001.202980345968,0.7816636168726163
603,202.0559506797986,6407.344877374515,140.2441326600741,14866.735125340054,0.576522651522082
645,519.7573379732981,10879.876016342243,156.60835267622642,8776.396507735746,0.8662422579319055
642,123.86990713663467,13547.253838168017,49.48027839975036,21056.481428459872,0.41416117968666044
643,109.09087987833273,6807.989595941116,565.5308618166738,11820.368704562125,0.9155240141093459
644,65.94448387826351,5902.6162631698735,107.48383925868507,14475.799742475967,0.5518864796523772
646,711.0488463770754,22705.131931076994,490.5498072731183,24519.22337159008,0.7273244211879599
641,201.05218078489548,7714.035547798741,268.126333118904,9621.550453774224,0.41519900664382525
648,-8.576420690301699,5964.996977630142,-127.95707615954183,6778.159534152272,0.3479579775092141
649,67.63573450504337,11973.574039725136,50.13663190048062,46436.022307663996,0.4815825278529232
653,2.3052427189387283,10008.851560523452,177.7683635843755,19506.520789802966,0.30089594899453487
650,-91.48754326283976,5103.062291560897,80.34168494632759,18242.46612197582,0.7010275278104067
652,495.3241665754189,11128.004166921393,230.22326651626818,6274.7450181745235,0.7970909926847474
647,-230.9562932039313,13068.709892961964,-231.42304633243148,22718.27427934106,0.5005402802397587
640,405.0957691873604,15900.97999284049,81.84350265991209,27222.846780369146,0.18538805277091464
628,-234.8855899187293,24939.762075640432,65.94448387826351,5652.849525903432,0.8106971912709079
638,230.22326651626818,6111.333941118345,-8.576420690301706,5735.378607014214,0.7808934696094292
626,565.5308618166738,11555.758605771423,490.5498072731183,21528.222769501743,0.41287182485532103
627,49.48027839975036,18055.79349543416,2.3052427189387292,9417.919903325435,0.5566700401783825
629,495.3241665754189,10575.770910814894,405.0957691873604,14996.153933808579,0.6083361356201451
630,81.84350265991209,24634.529618722012,67.63573450504337,10912.31183599502,0.5164593639905254
631,177.7683635843755,17325.850989366874,123.86990713663465,12250.605384508357,0.4360112189828148
639,201.05218078489548,7286.973795506736,-230.9562932039313,11807.785311872165,0.9041823710130752
634,109.09087987833273,6735.613009999937,50.13663190048062,33534.77580653021,0.5665119763191689
635,80.34168494632758,16307.087138172887,156.6083526762264,8554.590957145594,0.592284110979883
636,268.126333118904,8954.145891065804,107.48383925868507,12959.786240237676,0.30951902455938785
637,-91.48754326283976,4960.653776368134,-231.42304633243148,19125.439367240306,0.665949204038533
632,711.0488463770754,20119.779621844034,519.7573379732981,10528.525619647231,0.7140264791455441
671,57.806269533833934,14060.37793596645,507.26717116663764,10055.785630491906,0.9074219872036731
672,81.17469413948807,14535.54535862892,226.44079833130954,5976.144100825723,0.6749342132121335
673,152.60436833778147,16422.905838000508,222.05633916401712,7268.697987587263,0.5847071879692565
674,14.506307136257716,8533.501480252442,525.1523948796863,10380.401504853242,0.9356575796452604
675,-313.5228661152857,21155.918089976614,-263.754124709834,23324.1271812577,0.44478461045090667
677,15.166848756862427,10140.293334022956,110.33120904772815,6293.725131701624,0.6198652616109388
679,-213.83063120151368,11104.605548806392,-128.24982680847685,41444.08180170483,0.5912860997949576
680,181.96877071731058,12220.095096096573,767.4615022890508,20450.593021779474,0.9484485036993274
681,210.2689213576925,8072.095438470004,-40.25859688427879,5571.956790232597,0.21082655872652134
670,541.6035951131239,18769.855940703237,51.48077167316894,5556.080363714324,0.9240523043334736
676,47.9556461870855,27527.168062127756,-95.07920866109198,4838.78972548586,0.6628871497944622
668,528.2307296351935,10665.296273455244,220.50358052132475,21522.613574425624,0.8142259948858108
678,314.446631653756,12200.532685576401,171.60196376124244,8050.667000257358,0.6724678392846386
666,767.4615022890508,20025.44917689208,525.1523948796863,10233.522985854901,0.7624989416415715
667,-95.07920866109201,4702.36533724189,15.166848756862418,9425.10657126924,0.6398666136209415
654,181.96877071731058,12082.668337407415,152.60436833778147,14536.372092472257,0.5355143722302812
656,226.44079833130954,5758.461455551189,220.50358052132475,19778.9763180741,0.49276789285263567
657,507.26717116663764,9863.11742890999,528.2307296351935,10236.183633782499,0.5262909420130186
658,314.446631653756,11254.041836654522,-213.83063120151368,10237.00590476276,0.9394144394103822
655,51.48077167316894,5525.870597928191,47.955646187085506,23066.600835212575,0.5042264293764165
661,-313.5228661152857,18062.9407946707,57.806269533833934,13664.03673289705,0.8582523743964736
662,116.59971810201111,11108.372418275554,14.506307136257725,8441.88107381237,0.37396924202596904
665,-128.24982680847685,31314.39940481761,210.2689213576925,7772.493914941671,0.8293169195045362
663,-263.754124709834,19616.37530877043,-40.25859688427879,5439.918607536928,0.750767045924112
664,110.33120904772815,6024.62539159028,81.17469413948807,13209.803948421833,0.4632812412414058
660,541.6035951131239,18183.065042507333,222.05633916401712,6891.817542470861,0.16922196118285338
702,-232.02850306520006,10557.958404350407,222.90878206265597,5492.184477020479,0.9172676126918826
703,163.33106211424072,7634.27057024189,319.16765149699376,20970.29535832618,0.679433495732675
704,-351.76644717371886,22102.107371551625,192.12258444461224,7467.44471405907,0.9385506534010869
705,-19.299451922139628,27896.346878809873,51.17723904143414,15950.65731468795,0.42187762031506615
707,-109.86373347267673,4596.283048748169,266.0481414068905,6849.90868536672,0.8832941206947436
708,29.40798719054254,19109.45161459593,222.90878206265597,5770.332220960536,0.27821637387998654
709,-8.277273311284496,5307.857788539897,222.90878206265597,5770.332220960536,0.2251966644790065
713,-109.86373347267673,4871.687539296723,202.39066397128835,11024.03927748294,0.836395330633665
710,66.51134076034283,5316.751328137645,266.0481414068905,7042.932133385362,0.7419561888972429
706,51.17723904143414,15007.267719694466,266.0481414068905,7042.932133385362,0.2541718250610322
714,-109.86373347267673,4871.687539296723,16.078283102560732,8909.941183221683,0.6589054898882424
712,51.17723904143414,15007.267719694466,192.12258444461224,7735.091175533206,0.6681883821867491
711,66.51134076034285,5477.711574612272,16.078283102560718,8672.306951184999,0.43475289826221153
720,108.43702530109186,5692.8952170979555,175.9725817067193,5204.684310944873,0.5888011411791038
721,-124.64146747489592,4696.048529017417,43.40790371074211,5217.023797660009,0.7113599114284347
723,-124.64146747489592,4718.306672619384,99.82479911021302,17801.24179330568,0.24553531573238718
722,0.0,60235.272498719016,65.40884582415615,24375.533187146248,0.43727915300750925
724,108.43702530109186,5922.830922754527,204.12343495017126,7375.186021334038,0.3772536673555783
716,63.948867031932245,10217.643633861433,108.43702530109186,5922.830922754527,0.5569286815088333
717,99.82479911021302,16322.778320277224,348.72302025887853,21770.02605910197,0.7605064101462713
718,0.0,60235.272498719016,175.9725817067193,5157.388851026714,0.6742129621018353
719,245.58534640752913,6406.976064706471,348.72302025887853,19702.155147411155,0.37703303780716513
715,-234.5004324621237,10758.856263150665,9.29746976342675,5401.169236611925,0.7799057729982277
725,-111.28844041533227,4524.352552957061,21.947444141799426,14492.089607348133,0.6627048303770016
727,129.59243760799995,5450.458005555109,45.4188150623698,12528.904112253664,0.394506818841996
728,-104.0507175614054,6505.447941381122,-111.28844041533227,4545.360626355875,0.5096014587007367
729,259.60482709544146,8262.48766253427,302.773789152098,15707.406949395729,0.44714687225756555
730,124.53709250023255,45210.231821217916,183.8079493747909,7023.0195195134265,0.5636178091437716
731,20.204548677865127,5438.323745857485,340.8818537887619,11247.629368638944,0.8415122061693259
732,-111.28844041533227,4545.360626355875,268.9858852533424,6339.637313474701,0.8864063530027239
726,43.89642023564198,9978.72482888841,45.4188150623698,11696.470206903166,0.5018939310755596
692,349.4505551504955,11595.263217482332,-299.91445881734995,38066.7503762717,0.9546976876597713
700,16.40780751774079,5509.1637827659915,-361.50850993170053,22158.64866217047,0.8664806496308269
682,22.027102904307085,20392.465532380786,349.4505551504955,11613.338151807007,0.828817900266382
683,36.524940077958604,13319.655517353964,-247.00051071382873,10624.638494495479,0.8045167567687664
684,199.85954313513977,6910.815964286461,16.40780751774079,5538.437740225338,0.7250484033165637
685,-299.91445881734995,40908.446515442076,35.92121981159487,7898.424107678946,0.8181953778694947
686,-361.50850993170053,21164.151375297046,0.0,60235.272498719016,0.809089574307633
701,-247.00051071382873,10405.573258771095,-299.91445881734995,40908.446515442076,0.4429446910092242
688,0.0,50326.23089176601,36.52494007795861,12667.02522220964,0.537750368322534
689,35.92121981159487,8451.231774484873,16.40780751774079,5538.437740225338,0.5253843749217375
690,-299.91445881734995,40908.446515442076,-361.50850993170053,21164.151375297046,0.5636829471528636
687,349.4505551504955,11613.338151807007,199.85954313513977,6733.655504101727,0.6817530296322869
693,36.52494007795861,12667.02522220964,35.92121981159487,8451.231774484873,0.4992465962113354
694,-361.50850993170053,21164.151375297046,199.85954313513977,6733.655504101727,0.9448552685639207
695,0.0,50326.23089176601,-247.00051071382873,10405.573258771095,0.7398054852138692
696,16.40780751774079,5538.437740225338,22.027102904307068,19174.479947463056,0.49312494583141103
697,35.92121981159487,8451.231774484873,349.4505551504955,11613.338151807007,0.8322322514281075
698,22.027102904307068,19174.479947463056,36.52494007795861,12667.02522220964,0.5170964122399319
699,199.85954313513977,6733.655504101727,0.0,50326.23089176601,0.70129546410346
691,-247.00051071382873,10405.573258771095,22.027102904307068,19174.479947463056,0.7863051732695399
742,-64.03084767932953,47642.63633753272,278.71132946438183,6419.50584933098,0.8182540774496709
748,105.44338472744181,10700.36398080069,208.37575446177658,6323.238622102835,0.6288248553042317
747,-428.4985026504715,20565.287340002455,-226.37822358153898,22574.70149230436,0.7137199638616933
746,105.44338472744181,10042.005636404614,278.71132946438183,6442.230700948788,0.2904425459463326
745,-428.4985026504715,18331.483746860104,278.71132946438183,6442.230700948788,0.9756254004361151
744,-428.4985026504715,18331.483746860104,-63.569875412731065,14519.557092390078,0.8530960802341763
749,-85.37670768878876,6820.133997109931,-129.396277017179,4466.239091254084,0.44193412289669887
741,278.71132946438183,6442.230700948788,196.7654746327958,5162.8841514726255,0.39323222072842456
743,26.783460826411385,9566.089687344978,208.37575446177658,6077.665785086959,0.7193562361377428
739,-428.4985026504715,18331.483746860104,26.783460826411385,9168.546264070674,0.9069409763736996
738,208.37575446177658,6077.665785086959,196.7654746327958,5283.55999804889,0.5153678707694551
737,70.02383839591279,8232.954169286617,278.71132946438183,6442.230700948788,0.2516617341007934
736,70.0238383959128,12785.268558315463,208.37575446177658,6077.665785086959,0.6686534291043111
735,105.44338472744181,10042.005636404614,70.0238383959128,12785.268558315463,0.4563172208533932
734,-428.4985026504715,18331.483746860104,208.37575446177658,6077.665785086959,0.9645013081295359
733,-428.4985026504715,18331.483746860104,105.44338472744181,10042.005636404614,0.9362522088115957
740,-428.4985026504715,18331.483746860104,566.7351626002209,9729.896533282756,0.9948916646057033
765,101.40695169022743,8598.147008217971,218.15286122047107,5389.637684366067,0.3522084032238241
764,-480.3745600545602,19229.555374433126,101.40695169022743,8848.800016134357,0.9502548585502096
763,-119.43262011841331,4427.682455854154,147.80656916749643,7576.6581374186135,0.8058770507926456
762,-480.3745600545602,19662.116278053207,478.914363298473,16118.203347179438,0.9929284385233176
760,133.89419344315334,10457.72007490625,478.914363298473,17815.82246941056,0.1550289114966427
759,-119.43262011841331,5169.583124797477,54.47185722155245,5225.4833031822645,0.7172294547034692
758,-133.8161423335064,9244.176801624895,54.47185722155244,6189.185571474802,0.726628934098746
761,-119.43262011841331,5169.583124797477,287.59263448599984,9839.662261618085,0.8961157088762043
756,101.40695169022743,8848.800016134357,478.914363298473,17815.82246941056,0.8672931773279932
755,0.0,60235.272498719016,568.0347345433009,10523.339933765836,0.9193114545432616
754,218.15286122047107,5985.361617438941,478.914363298473,17815.82246941056,0.21427799761705454
753,-119.43262011841331,5169.583124797477,11.97842422530615,5091.5702175403685,0.6687948385633348
752,218.15286122047107,5985.361617438941,198.5577621306596,5082.276218162064,0.4740272170043024
751,101.40695169022743,8848.800016134357,198.5577621306596,5676.882939984788,0.37635696388357426
750,-480.3745600545602,19662.116278053207,0.0,60235.272498719016,0.12301470072915179
757,0.0,54206.317188474524,198.5577621306596,5676.882939984788,0.6982190201979401
784,213.16713752459208,5368.746238505355,559.3830527179747,11229.39526021047,0.859053295560838
785,-137.70436187272946,4847.95046903291,60.65105528622504,8283.268644131087,0.7397885530289694
786,-406.5266150966957,14258.845279196343,559.3830527179747,10962.93830705179,0.9942324689782213
787,-406.5266150966957,14400.656950563087,203.5867598992007,5368.063793169706,0.9614991598354675
788,-12.462085458669543,56415.124884591816,162.75940402762555,7654.4641080969,0.6742787705480511
789,360.36310192081254,12176.405321989527,559.3830527179747,10962.93830705179,0.7290950681817443
790,-406.5266150966957,14400.656950563087,360.36310192081254,11486.090609007935,0.9821642087580266
794,162.75940402762555,7449.078237662544,360.36310192081254,11486.090609007935,0.2677775322740546
798,-12.462085458669542,41334.16278415406,191.42059134406037,10475.775021109066,0.7086851029183869
793,-12.462085458669542,41334.16278415406,213.16713752459208,5437.313112959317,0.7322961565403152
795,-137.7043618727295,4873.352398628748,71.97633989487579,5965.330192316516,0.24581827371087556
796,-137.7043618727295,4873.352398628748,215.73001390550135,10837.42084915885,0.8647460807596257
797,-145.04284366926905,11007.375239571964,-137.7043618727295,4873.352398628748,0.5094419912081518
783,213.16713752459208,5437.313112959317,360.36310192081254,11486.090609007935,0.31955973976779195
791,0.0,60235.272498719016,-300.92580324975,56521.32626466787,0.7460045937107277
782,-12.462085458669542,41334.16278415406,360.36310192081254,11486.090609007935,0.8390982651552776
792,71.97633989487579,5925.453257261921,60.65105528622504,9298.081331248202,0.4853719778230131
780,0.0,47999.79885607305,191.42059134406037,10009.892326240855,0.692942125775235
781,-305.46534801168156,9780.527889645675,203.5867598992007,5513.562184180836,0.06208553125814048
766,0.0,47999.79885607305,-305.46534801168156,10691.23897758964,0.21233438314989084
767,191.42059134406037,10009.892326240855,213.16713752459208,5437.313112959317,0.47196984434147154
769,-406.5266150966957,14400.656950563087,213.16713752459208,5437.313112959317,0.9633993967334167
770,213.16713752459208,5437.313112959317,152.07904436075856,17810.46532226403,0.42516974847067723
771,-406.5266150966957,14400.656950563087,-300.92580324975,45656.229476311564,0.3910012831426353
772,191.42059134406037,10009.892326240855,162.75940402762555,7449.078237662544,0.5364730415082037
768,203.5867598992007,5513.562184180836,360.36310192081254,11486.090609007935,0.3089504985430397
774,-300.92580324975,45656.229476311564,213.16713752459208,5437.313112959317,0.08750397490062879
775,191.42059134406037,10009.892326240855,360.36310192081254,11486.090609007935,0.6997702903898791
776,71.97633989487579,5925.453257261921,213.16713752459208,5437.313112959317,0.6791666060093431
777,-300.92580324975,45656.229476311564,162.75940402762555,7449.078237662544,0.8889988399779983
778,213.16713752459208,5437.313112959317,527.6666578194371,9617.345177296786,0.8390895946455902
779,-137.7043618727295,4873.352398628748,213.16713752459208,5437.313112959317,0.8696800297515064
773,-300.92580324975,45656.229476311564,360.36310192081254,11486.090609007935,0.9537003727217942
809,-146.0767962041188,31157.969305745668,182.54631580137396,4297.048554141402,0.8260672869177248
817,-163.39964153423713,37888.661050777344,182.54631580137396,4397.193286822416,0.8312587488282331
816,-205.83591627021093,8519.92306868322,131.30438336966927,5414.724506881036,0.143708228978488
815,-361.73284355728777,11229.323937840594,182.54631580137396,4397.193286822416,0.948202996598276
814,-297.3644058897837,26159.163579172164,195.67498102667415,5160.915570258767,0.9194624785602488
812,-163.39964153423713,33549.34638059271,-297.3644058897837,25165.050671641755,0.36220777495375245
811,222.12479992609067,7936.6997872135435,270.32355490788404,5466.385618337199,0.4373246834173532
810,159.5860559574912,8601.166594257149,182.54631580137396,4397.193286822416,0.5300463921919278
808,74.62917747096164,9841.544342842048,182.54631580137396,4397.193286822416,0.6369635564553817
813,74.62917747096164,10254.007690536668,534.2972811720269,11185.806998477121,0.9143290312477514
806,-361.73284355728777,11230.24793883434,270.32355490788404,6344.943245301974,0.9668224433667133
805,-119.56969785600309,4305.636197645097,182.54631580137396,4397.193286822416,0.16176419831607955
804,-297.3644058897837,25165.050671641755,182.54631580137396,4397.193286822416,0.08433171654069951
803,270.32355490788404,6344.943245301974,262.80042364173636,7729.329984452367,0.4902119593432518
802,24.750346179581616,5337.96659946817,182.54631580137396,4397.193286822416,0.7000609719940065
801,270.32355490788404,6344.943245301974,195.67498102667415,5286.154703635386,0.5974824801234204
800,-361.73284355728777,11230.24793883434,173.90885120249567,6576.503618933571,0.9442631988916799
799,-173.54049266753336,10270.635251707754,173.90885120249567,6687.351611653627,0.859427785016893
807,534.2972811720269,11098.235134103044,262.80042364173636,7416.944690820795,0.801114835793238
833,249.02041888394425,5643.537119261296,566.0654245876024,10808.733769552804,0.8391917734295402
832,180.22676416438713,6521.062310133822,175.07435963347336,3796.2071852306954,0.4931311603184946
831,-267.8625192687012,37286.45621237737,-144.94460066354924,15931.871126440896,0.6294622726983423
830,-102.1687176385179,4293.594255468502,546.5255689529982,10794.973850549066,0.029241508305095282
829,180.22676416438713,6342.882289961644,566.0654245876024,10682.538093316822,0.11742515217866907
828,-144.94460066354927,14399.568056292945,277.6223665214114,7221.846251765788,0.8971241643277372
827,-125.19355352332083,26111.319777828387,175.07435963347336,3844.2593742725894,0.8109556554616492
826,134.6031577433873,8299.342309682586,175.07435963347336,3844.2593742725894,0.5531253005854813
824,186.42364303210334,4951.002739760596,277.6223665214114,7262.954259392315,0.6179719220685019
823,-344.4245245374916,10905.176664641041,-267.8625192687012,29363.981946661086,0.4139267236833567
822,-179.7949912592071,10110.095417120281,175.07435963347336,3844.2593742725894,0.8677444510026819
821,-144.94460066354927,14399.568056292945,180.22676416438713,6342.882289961644,0.16017892835816913
820,-344.4245245374916,10185.476095232529,186.42364303210334,4929.615682092278,0.9447533137090549
819,175.07435963347336,3844.2593742725894,546.5255689529982,10875.917531749765,0.876909770126384
818,-144.94460066354927,14399.568056292945,249.02041888394425,5686.363581219318,0.11623596095075078
825,-267.8625192687012,29363.981946661086,180.22676416438713,6342.882289961644,0.8962607228826662
848,-75.10459139570379,4369.987020039361,21.048254547669302,5280.887015785502,0.62614555146758
849,-307.2468762469419,9494.358527881217,255.2140963289044,12990.574849908806,0.9486504198478791
850,-307.2468762469419,10408.552945703925,198.59994513559346,3545.828811922046,0.9379062853230037
851,-19.248035724068092,29155.97800058518,198.59994513559346,4561.160317819458,0.7367194630623344
937,-307.2468762469419,10408.552945703925,-53.85888130657575,33471.69230749133,0.24099715822305448
853,21.04825454766929,6194.98669742216,95.69599915078047,8478.097563170797,0.5956692952288061
854,-384.60105629773204,37680.46273419542,0.0,60235.272498719016,0.18765531209689196
847,-75.10459139570379,5202.475356492517,116.01487715118522,7890.311400178152,0.732350426957364
852,-307.2468762469419,10408.552945703925,92.40994132731272,6529.42138301848,0.89021805554159
846,-307.2468762469419,10408.552945703925,-384.60105629773204,34727.97240422346,0.5851600871028341
845,-307.2468762469419,10408.552945703925,-156.60780034657475,21979.814689718434,0.3290695748001394
843,-53.85888130657575,33334.61406340169,92.40994132731272,7591.006484322902,0.3396798760928854
842,-307.2468762469419,10408.552945703925,24.180329053937424,8801.258064969656,0.8460107518854411
841,-75.10459139570379,5202.475356492517,32.2320505479393,5534.713170410133,0.3608307162730945
840,-16.690270725474267,12927.233703480493,173.27024845445172,5854.050850676009,0.7245941716151749
839,116.01487715118522,8467.803515727608,493.18803152670995,9568.330819394077,0.8764908812662171
838,-384.60105629773204,34727.97240422346,-13.406904462376263,11377.671946320204,0.15586939500227798
844,-307.2468762469419,10408.552945703925,-19.248035724068103,27894.893138230556,0.2072873238559841
875,28.77966539038902,5913.397770381194,213.69126409357216,4457.416943601972,0.27084759650072454
868,-204.23822161108947,49421.44397555823,213.69126409357216,4500.004061306312,0.135197524028933
869,-93.96140643395898,6508.674283456217,-68.31053873363878,4852.40677633623,0.5339138843347206
870,-223.95467313032617,15300.072479920025,-150.81927636668524,24067.463963354694,0.4173893341975685
871,-204.23822161108947,44032.420647455074,221.915811800298,11546.891232016325,0.8679055070813548
876,-254.1201473698476,15235.081157911496,213.69126409357216,4500.004061306312,0.9192308603413064
873,-223.95467313032617,13777.728425677326,213.69126409357216,4500.004061306312,0.9075930215595238
874,28.77966539038901,5861.7055033686565,120.90155126997134,9242.517301195663,0.3829319647972639
867,192.9694482967266,6551.2393401504905,213.69126409357216,4500.004061306312,0.47253355371885264
877,-201.22544450448314,6188.94955425311,223.02620334020557,5352.770692362335,0.9081299954433726
872,-68.31053873363878,4826.6725857548245,213.69126409357216,4500.004061306312,0.8217227607612556
866,-166.52494659385616,7859.883069971227,192.9694482967266,6371.072671943836,0.12971483908282067
865,-201.22544450448314,6265.371391169054,520.9461958989024,9636.142125404964,0.019704778661247386
863,-201.22544450448314,6265.371391169054,28.77966539038901,5861.7055033686565,0.7722973629240817
862,-201.22544450448314,6265.371391169054,221.915811800298,12713.183329787062,0.09994781964418817
861,129.13314789103862,8279.147581463045,266.22950192117924,15261.724486767387,0.6632478992514088
860,-223.95467313032617,13777.728425677326,46.69553792235744,10439.166664257984,0.7936268573662212
859,-68.31053873363878,4826.6725857548245,120.90155126997134,8776.064628950005,0.2702557883143437
858,46.695537922357445,10100.1923662358,213.69126409357216,4500.004061306312,0.7048162068111371
857,-223.95467313032617,13777.728425677326,520.9461958989024,10798.286912412035,0.9802430131872564
856,-201.22544450448314,6265.371391169054,74.72922209592237,7106.463410678067,0.8113567923416681
855,-201.22544450448314,6265.371391169054,-210.49412991308645,20703.882361611137,0.48879543739600284
864,-201.22544450448314,6265.371391169054,213.69126409357216,4500.004061306312,0.9045231485686602
888,-46.228889363856766,28930.95581430631,173.36220129832347,6068.770041013996,0.7371339400284984
889,-170.86231803224484,5106.911987246807,170.08818481811156,11328.058151676498,0.855784293427521
890,0.0,60235.272498719016,218.0369574809328,6360.591337108232,0.7110458064446523
891,0.0,44800.01312430296,-46.22888936385675,24949.015628095494,0.546616004650749
892,-191.0972319275512,11539.138990644076,180.08977933940122,3784.0819706889315,0.8760584100695648
895,-170.86231803224484,5183.026034832907,-191.0972319275512,11295.704897230738,0.5259224108817722
894,-191.0972319275512,11295.704897230738,79.52142086884372,6946.404753123588,0.8007159379389364
897,-170.86231803224484,5183.026034832907,173.36220129832347,6028.303182106038,0.864329798619192
896,0.0,44800.01312430296,65.91402260271498,5340.581509254489,0.5712587026823113
893,-48.989215446455766,4471.79527833938,65.91402260271498,5281.762392313242,0.350649256142613
887,173.36220129832347,6028.303182106038,286.7837292770679,14341.670537674801,0.6387627336910331
881,180.08977933940122,3910.127900123949,495.57852869124747,10314.682656073493,0.8408542013936031
885,-191.0972319275512,11295.704897230738,65.91402260271498,5281.762392313242,0.7911425039579344
884,180.08977933940122,3910.127900123949,289.81966107155375,6484.805258064553,0.6424156687171878
883,173.36220129832347,6028.303182106038,289.81966107155375,7442.17971264423,0.35210652449187363
882,10.076543405594073,6673.026110543305,79.52142086884373,6886.264848105421,0.5897452028799065
880,0.0,44800.01312430296,65.91402260271498,5281.762392313242,0.42872453599609445
879,-252.02499148194852,17891.21823637834,180.08977933940122,3910.127900123949,0.9015865651651437
878,79.52142086884373,6886.264848105421,180.08977933940122,3910.127900123949,0.36925992134823316
886,-170.86231803224484,5183.026034832907,65.91402260271498,5281.762392313242,0.7808705607455453
834,241.32299202256505,7657.558394545819,-25.171603290800842,13812.758685041836,0.7933327100080483
835,36.94767121329664,9367.133626545668,88.97863521213695,7009.891354912529,0.5663896273043574
836,250.08522251188018,9002.47693402212,174.91578458291968,11276.694077699212,0.5932537686310828
837,-148.704780273765,17185.60221347485,110.2273712164365,9285.803888795215,0.2188626939756727
920,-34.62341588464472,4434.0641688767655,-2.084241358267392,6678.053050730776,0.543053505832997
921,-172.43055674059963,4818.104009411924,316.55473478798143,13642.789259709572,0.9284729419556594
922,-138.29555643295072,24667.392783929565,54.891080981647086,4623.810111315537,0.2828299487612397
923,121.93020057844925,6383.840316964673,189.17567910219412,5567.423266826316,0.41216533058228266
924,-172.43055674059963,4948.617518280753,450.82990756910084,10047.922944603008,0.9664326830360971
925,12.707872084972776,8949.325724970451,189.17567910219412,5489.76626976344,0.7152605251986335
926,-172.43055674059963,4948.617518280753,66.85831834752894,7984.316936059146,0.7799134982267706
927,-2.084241358267396,6486.536555554973,159.0421217635589,3614.508555281404,0.2966017287863237
928,159.0421217635589,3694.814410721141,277.3691990655149,7025.110167508135,0.6526242712995158
930,54.89108098164709,4660.062255333218,159.0421217635589,3694.814410721141,0.6372937002901469
931,-44.38160697884964,25568.89012327833,-2.084241358267396,6486.536555554973,0.5496985664072304
932,-256.4526655864233,10751.49035956599,-43.015390844222175,10896.913311039763,0.7448859250794837
933,-44.38160697884964,21496.62851542844,121.93020057844925,6231.283356116045,0.3087861909797704
934,183.18075339980774,4694.032945736917,277.3691990655149,6834.665973602767,0.6222134901012057
935,-2.084241358267396,6486.536555554973,54.89108098164709,4660.062255333218,0.42499014449494255
936,159.0421217635589,3694.814410721141,743.6534046058661,19647.946186952886,0.04621197013693199
919,116.01744705269455,7965.4607912989395,316.55473478798143,13482.377188131304,0.7324108283101223
929,-172.43055674059963,4948.617518280753,183.18075339980774,5979.0235773693,0.8718694946614464
918,-172.43055674059963,4948.617518280753,-224.58161514854996,20966.763046366163,0.5631002909826357
917,-34.62341588464472,4440.321942350614,159.0421217635589,3694.814410721141,0.2586888663869653
916,-172.43055674059963,4948.617518280753,229.26512398874095,6317.507676356782,0.8974265281325213
899,-114.22324860446317,8532.342606280039,54.89108098164709,4660.062255333218,0.7087045486532599
900,0.0,60235.272498719016,277.3691990655149,6834.665973602767,0.24038409674741415
901,189.17567910219412,5489.76626976344,316.55473478798143,13482.377188131304,0.34396683948745044
902,-256.4526655864233,10271.383701845387,-2.084241358267396,6486.536555554973,0.2114003552128262
903,54.89108098164709,4660.062255333218,183.18075339980774,5979.0235773693,0.664693513420419
905,189.17567910219412,5489.76626976344,159.0421217635589,3694.814410721141,0.5403993040798655
906,-172.43055674059963,4948.617518280753,277.3691990655149,6834.665973602767,0.9191132702092315
907,-138.29555643295072,21524.730711274828,159.0421217635589,3694.814410721141,0.1860298163318592
904,66.85831834752894,7977.726696514731,183.18075339980774,5979.0235773693,0.6473115809549018
908,-123.03194623175608,14012.451600568946,-44.38160697884964,21496.62851542844,0.5902842290318309
898,121.93020057844925,6231.283356116045,159.0421217635589,3694.814410721141,0.5494553037158404
914,189.17567910219412,5489.76626976344,229.26512398874095,6378.624703797541,0.44727919701999935
913,-138.29555643295072,21524.730711274828,183.18075339980774,5979.0235773693,0.8294454688967798
912,-172.43055674059963,4948.617518280753,-44.38160697884964,21496.62851542844,0.3490778129516761
915,-256.4526655864233,10271.383701845387,-138.29555643295072,21524.730711274828,0.3636969248929311
910,-224.58161514854996,18166.984659285037,159.0421217635589,3694.814410721141,0.8760241313194931
909,183.18075339980774,5979.0235773693,743.6534046058661,22904.371070573707,0.9439572392909042
911,-172.43055674059963,4948.617518280753,189.17567910219412,5489.76626976344,0.8761161228624842
967,0.0,60235.272498719016,0.0,60235.272498719016,0.5000000037826785
960,0.0,60235.272498719016,0.0,60235.272498719016,0.4999999962173215
961,0.0,60235.272498719016,0.0,40183.58391725463,0.5000000037826318
962,0.0,60235.272498719016,0.0,60235.272498719016,0.5000000037826785
963,0.0,60235.272498719016,0.0,60235.272498719016,0.5000000037826785
964,-160.5585781630325,4129.745806747601,0.0,40183.58391725463,0.6725336523945677
965,0.0,40183.58391725463,-47.41978113812342,14615.168085653286,0.44952530477101194
966,-126.77169961331508,8687.069399032356,0.0,40183.58391725463,0.3644079952904685
968,-160.55857816303254,4253.574264610245,28.595674387086657,21241.179059762526,0.283206441818468
977,-160.55857816303254,4253.574264610245,0.0,40183.58391725463,0.672449677010589
970,-126.77169961331508,8697.012985514375,0.0,60235.272498719016,0.3738300082593175
971,-59.26892287530406,13626.226885333053,0.0,40183.58391725463,0.5632253332333477
972,-160.55857816303254,4253.574264610245,-126.77169961331508,8697.012985514375,0.5441701760206921
973,0.0,60235.272498719016,-160.55857816303254,4253.574264610245,0.3396161588487897
974,-160.55857816303254,4253.574264610245,0.0,40183.58391725463,0.32755032298941106
975,0.0,40183.58391725463,-160.55857816303254,4253.574264610245,0.3275503305469504
976,0.0,40183.58391725463,0.0,40183.58391725463,0.5000000037824773
959,0.0,40183.58391725463,0.0,40183.58391725463,0.5000000037824773
969,-254.03547947721685,14910.014930036305,-59.26892287530406,12477.139410098493,0.7205641834044845
958,0.0,42842.92027189952,0.0,40183.58391725463,0.5000000037825107
954,0.0,40183.58391725463,0.0,40183.58391725463,0.5000000037824773
956,0.0,40183.58391725463,0.0,41886.84521873473,0.4999999962175006
1005,0.0,60235.272498719016,0.0,40183.58391725463,0.4999999962173683
938,0.0,40183.58391725463,-47.41978113812342,13256.22026639123,0.4492583593929166
939,0.0,40183.58391725463,0.0,40183.58391725463,0.5000000037824773
940,-254.03547947721685,18479.285436069036,-160.55857816303254,4253.574264610245,0.6137864448591257
957,-254.03547947721685,18479.285436069036,0.0,40183.58391725463,0.7472264722090545
942,0.0,40183.58391725463,0.0,40183.58391725463,0.5000000037824773
943,-160.55857816303254,4253.574264610245,0.0,41886.84521873473,0.671307986437143
944,28.59567438708665,19072.52443660979,-59.26892287530406,12477.139410098493,0.6024997642670795
945,0.0,40183.58391725463,-167.22445158370277,17301.849901393813,0.6706463315779077
941,0.0,40183.58391725463,-59.26892287530406,12477.139410098493,0.436490895709849
947,-47.41978113812342,13256.22026639123,28.59567438708665,19072.52443660979,0.5886253691098742
948,28.59567438708665,19072.52443660979,0.0,40183.58391725463,0.47001800831261153
949,0.0,40183.58391725463,0.0,40183.58391725463,0.5000000037824773
950,0.0,40183.58391725463,-160.55857816303254,4253.574264610245,0.3275503305469504
951,-254.03547947721685,18479.285436069036,-47.41978113812342,13256.22026639123,0.2720382249014557
952,-266.8462025850867,18323.228602322222,-9.311906208910795,10182.53750478145,0.7777075215244806
953,0.0,40183.58391725463,0.0,40183.58391725463,0.5000000037824773
946,0.0,40183.58391725463,-160.55857816303254,4253.574264610245,0.3275503305469504
955,0.0,40183.58391725463,-59.26892287530406,12477.139410098493,0.563509104290151
994,-121.36694934804775,3180.2855656465113,-69.8824584480608,27212.03799090484,0.5609018664475214
995,-184.59848046263397,16027.047996085808,-69.88245844806079,22395.565396290956,0.6286114303581781
996,0.0,60235.272498719016,-121.36694934804775,3266.1028003944743,0.3767734528861527
997,-409.80685698206025,35354.69234733086,-212.84757346030952,41364.952514841425,0.6866247402108351
998,-218.85862507260228,27327.163818574954,-184.2606121416418,43447.278581225044,0.5348033065293991
1002,-242.92635900096923,14085.901857191475,-69.88245844806079,22395.565396290956,0.6908031254165127
1001,-184.2606121416418,32092.622567478622,-169.3505258482261,7848.118981410046,0.5169278897432444
1003,-280.64995857241274,38540.46339432568,-75.11804877756651,10380.892459961056,0.7123589651051673
1004,-75.1180487775665,9928.993214140262,56.924772619769094,29645.68611955426,0.6463819603044981
993,-184.2606121416418,32092.622567478622,-121.36694934804775,3266.1028003944743,0.42750182705693285
1000,0.0,41750.540586646755,-45.546892305139814,7273.960516488361,0.4503857798655033
992,-242.92635900096923,13040.920671219254,11.299078748984543,13573.362416549902,0.7769034700334854
999,218.33819591723793,36897.95496185952,56.924772619769094,24533.244199487002,0.6628587018272704
990,-69.88245844806079,22395.565396290956,251.72158550971434,19963.6049937877,0.8141589140800904
978,-169.3505258482261,7741.4053415818935,-121.36694934804775,3266.1028003944743,0.5633591922854274
979,-409.80685698206025,29169.79209667351,218.33819591723793,29645.308544989563,0.9447362843575562
991,-121.36694934804775,3266.1028003944743,-94.68414485870485,11071.742494011472,0.46538835583054605
981,11.299078748984535,12849.108515241156,251.72158550971434,18665.08460876447,0.759524923316719
982,-409.80685698206025,29169.79209667351,-242.92635900096923,13040.920671219254,0.3196938177176706
983,-264.64630114970834,17521.33719437107,-121.36694934804775,3266.1028003944743,0.32752372918494593
980,215.68408835746627,50620.78203003369,-121.36694934804775,3266.1028003944743,0.8144918188312714
985,-169.3505258482261,7741.4053415818935,13.349257581922107,9873.798038334697,0.281669730797989
986,-121.36694934804775,3266.1028003944743,-75.1180487775665,9928.993214140262,0.43975840631640517
987,-242.92635900096923,13040.920671219254,-121.36694934804775,3266.1028003944743,0.6515141707029874
988,-121.36694934804775,3266.1028003944743,13.349257581922117,9442.381203967469,0.6702419916261649
989,-121.36694934804775,3266.1028003944743,-45.546892305139814,7021.31237752593,0.5998277966083353
984,-409.80685698206025,29169.79209667351,-50.36447631674356,20789.281518067055,0.8330659690263258
1014,53.37099099746077,32068.096782582637,-135.0979491343813,6530.374739318426,0.29564537345610187
1020,-385.31233868070666,19931.21231464658,-107.45509825660706,9200.563886982805,0.7940894024869737
1019,-257.040987474996,24747.450715529474,-343.12747413388746,12170.98871700809,0.4019963365034235
1017,-24.14590527261758,20537.698445339873,19.635070195715816,17637.583470299047,0.5499753378737577
1016,53.37099099746077,26997.195166949346,305.4324212419888,19357.270855048107,0.24431785055768582
1015,-257.040987474996,20923.573874506317,-118.05802331935472,2662.3127421231056,0.6653065663638946
1013,0.0,60235.272498719016,19.6350701957158,15621.615889873876,0.48056304529161914
1018,-118.05802331935472,2877.1304269392026,-107.45509825660707,9074.352353025799,0.5139812790553548
1011,-24.145905272617586,17782.590019851323,-107.45509825660707,9074.352353025799,0.40041737336932337
1010,-385.31233868070666,18465.23739714116,-114.10304645270202,20329.774542698644,0.7786832898039551
1009,-257.040987474996,20923.573874506317,4.398158739651668,8564.04064422125,0.7799983163088019
1008,-135.0979491343813,6526.075112610983,-118.05802331935472,2877.1304269392026,0.4771569011937352
1012,2.001290473506137,12756.969310073871,-107.45509825660707,9074.352353025799,0.3669090236704948
1007,-385.31233868070666,18465.23739714116,-118.05802331935472,2877.1304269392026,0.794127614089341
1006,-257.040987474996,20923.573874506317,-135.0979491343813,6526.075112610983,0.35660763129105005
1031,-109.3208737401026,18943.075873862635,-19.000926244814835,6760.8044612364065,0.6083698130183981
1030,17.821846048434466,8502.362415468251,-127.75393748970677,16350.281473203115,0.6715118998501696
1029,-306.0952793581705,16197.332206614858,122.96672822575961,45203.3259119189,0.13527687471644842
1028,122.96672822575958,40894.65543192779,-126.39665533841631,2731.0476783167014,0.24420575923911492
1026,-126.39665533841631,2862.959154067255,-127.75393748970677,14808.010369392317,0.49827215342016007
1027,-19.000926244814824,6827.682704144958,-40.6473416735226,7153.199111288053,0.528155515540181
1024,122.96672822575958,40894.65543192779,-127.75393748970677,14808.010369392317,0.2532187103354001
1023,-109.3208737401026,16642.171134468485,-110.09681421296969,5827.48380588383,0.4990389476527225
1022,-109.3208737401026,16642.171134468485,122.96672822575958,40894.65543192779,0.2702975611098593
1021,-196.27333557686924,14119.318161786401,-40.6473416735226,6908.727614614687,0.3141273884070465
1025,-230.8079060967106,40970.41828614611,7.627163352985762,13736.585638912888,0.737148846024493
1096,-86.96105330484387,5624.963800087904,162.48785852120594,3037.301325135637,0.7949312901135114
1102,-86.96105330484387,5630.8752722647005,26.23018450933858,8330.618612603277,0.35644884563686696
1101,47.49435812230385,8081.841826086925,461.6943706512536,9986.830728392588,0.8965492181804302
1103,162.48785852120594,4002.5996954224975,216.75109571281547,5181.042202627145,0.5724157209424647
1100,216.75109571281547,5931.011152769192,644.4195995547848,17542.67019538727,0.10219298113147503
1099,-119.94394843312975,2769.3058365350857,-75.76222621435147,6623.537089294038,0.4409891583632996
1098,14.210925648281185,22519.473327447424,162.48785852120594,4002.5996954224975,0.32693915494018366
1097,-137.49365873990845,12390.375453933715,26.230184509338596,8764.278763756587,0.3054778488708895
1095,250.71758734114795,4595.180187485085,299.2409060871501,10399.969455164206,0.43752382121966815
1086,-119.94394843312975,2875.0217999607644,162.48785852120594,4002.5996954224975,0.8254809739267008
1093,54.60223801882625,5422.93935745593,288.4681973139691,8408.380294343922,0.7737161844208805
1092,0.0,60235.272498719016,304.7990899707638,5986.70530803336,0.7811353135419978
1091,26.230184509338596,8764.278763756587,304.7990899707638,6834.746398825978,0.8106249898994397
1090,-75.76222621435146,6440.174843461828,162.48785852120594,4002.5996954224975,0.2177312157646867
1089,-254.56191256853256,22298.269167800117,232.42641114294474,5981.3323979322795,0.08042286486099239
1088,-119.94394843312975,2875.0217999607644,-39.523320651316574,11269.873408782472,0.3967925299190997
1104,109.07796605733438,7885.853569006488,288.4681973139691,9016.301479349659,0.7156257908738907
1085,-85.92672812470703,11685.039915915962,14.210925648281192,22433.47787146563,0.614996221377242
1084,-254.56191256853256,21590.89177483594,304.7990899707638,6834.746398825978,0.9439387477019031
1094,-119.94394843312975,2875.0217999607644,165.55590591430354,10114.107711723182,0.8196144127619527
1105,-138.59225053559922,13295.302186806824,-254.56191256853256,21590.89177483594,0.36799138872286274
1114,-119.94394843312975,2875.0217999607644,109.07796605733438,8448.939024086385,0.7724251592435072
1107,0.0,48151.750603977445,26.230184509338596,8764.278763756587,0.4722501789493453
1128,-119.94394843312975,2875.0217999607644,14.210925648281192,22433.47787146563,0.34143070492978844
1127,250.71758734114795,5396.6509002113935,232.42641114294474,6942.560634051586,0.4759526747075785
1126,-138.59225053559922,12240.467879282793,-119.94394843312975,2875.0217999607644,0.47590821719302157
1125,-39.52332065131657,10644.147170123015,216.75109571281547,5931.011152769192,0.20949876895472427
1124,-119.94394843312975,2875.0217999607644,288.4681973139691,9016.301479349659,0.9001410575354215
1123,-86.96105330484387,5630.8752722647005,304.7990899707638,6834.746398825978,0.8908970871075407
1122,-119.94394843312975,2875.0217999607644,250.71758734114795,5396.6509002113935,0.8840456688542855
1121,-119.94394843312975,2875.0217999607644,-85.92672812470704,10871.654503778713,0.455752618835607
1120,250.71758734114795,5396.6509002113935,305.54610723331234,10943.747775769594,0.4300673744879107
1119,-288.22688596761145,38288.53405981985,-119.94394843312975,2875.0217999607644,0.6824632144474477
1118,-75.76222621435146,6440.174843461828,232.42641114294474,6942.560634051586,0.16341783082829825
1117,-119.94394843312975,2875.0217999607644,232.42641114294474,6942.560634051586,0.8712272635452146
1116,162.48785852120594,4002.5996954224975,304.7990899707638,6834.746398825978,0.31897415436744336
1115,-119.94394843312975,2875.0217999607644,0.0,60235.272498719016,0.37800307819972256
1083,232.42641114294474,6942.560634051586,288.4681973139691,9016.301479349659,0.42837634675595637
1113,-119.94394843312975,2875.0217999607644,-2.8311765174048684,13357.71470892653,0.353664422551528
1112,-75.76222621435146,6440.174843461828,304.7990899707638,6834.746398825978,0.8838206911044512
1111,47.49435812230386,8083.757149205587,250.71758734114795,5396.6509002113935,0.7443186971167183
1110,272.0228265995354,16391.655100867007,304.7990899707638,6834.746398825978,0.4596518145545652
1109,-254.56191256853256,21590.89177483594,-119.94394843312975,2875.0217999607644,0.340253657998906
1108,-39.52332065131657,10644.147170123015,162.48785852120594,4002.5996954224975,0.2583338936992096
1106,-138.59225053559922,12240.467879282793,-86.96105330484387,5630.8752722647005,0.43469237253803317
1082,-86.96105330484387,5630.8752722647005,165.55590591430354,10649.156401771077,0.7875656767185119
1087,47.49435812230386,8083.757149205587,288.4681973139691,9016.301479349659,0.7761678987543682
1080,246.75122515866087,15016.546924869283,644.4195995547848,17788.234361102353,0.8727528789403242
1079,-119.94394843312975,2875.0217999607644,47.49435812230386,8083.757149205587,0.2905612798631306
1078,288.4681973139691,9016.301479349659,304.7990899707638,6834.746398825978,0.47899328723587453
1077,-85.92672812470704,10871.654503778713,162.48785852120594,4002.5996954224975,0.7856960593420983
1076,-254.56191256853256,21590.89177483594,162.48785852120594,4002.5996954224975,0.8903857537313442
1075,250.71758734114795,5396.6509002113935,288.4681973139691,9016.301479349659,0.5488731831369923
1074,-19.181238422720586,4297.122207488107,26.230184509338596,8764.278763756587,0.5592100815804175
1073,14.210925648281192,22433.47787146563,272.0228265995354,18112.392024579854,0.7658219035637682
1072,250.71758734114795,5396.6509002113935,304.7990899707638,6834.746398825978,0.42924398585805856
1081,250.71758734114795,5396.6509002113935,272.0228265995354,18112.392024579854,0.4737836179132063
1138,-40.48188389917541,5133.98341196514,65.13187597685982,7442.424426178465,0.36449080810719275
1137,-75.02719236890903,2204.37956849546,253.45942543324475,4987.522454306745,0.8590859009635985
1136,-70.93613098920243,9799.251629442168,3.4959721004143924,6941.152466225438,0.5942369869477722
1135,-68.64744773951728,11690.988855402426,137.9789231970058,3242.125001494688,0.7459655725675876
1134,3.4959721004144053,6735.192467946606,253.45942543324475,5062.968828367545,0.7911059514068733
1129,-68.64744773951728,11082.064401566899,47.85927887169351,32961.73285828033,0.37252195206504557
1132,-70.93613098920243,9241.577978182566,-68.64744773951728,11082.064401566899,0.5028690002720917
1131,3.4959721004144053,6735.192467946606,98.42700737492717,7993.956790171879,0.37922302384438517
1130,222.91822250621644,5756.776303620105,137.97892319700583,3348.904757444718,0.6123313834372605
1139,-75.02719236890901,2358.0098296618035,98.4270073749272,7683.851790323771,0.7171662321392929
1191,3.4959721004144053,6735.192467946606,137.97892319700583,3348.904757444718,0.6726246548873236
1133,28.460750111972956,3970.485656385666,137.97892319700583,3348.904757444718,0.6449689806567245
1140,30.777943895158856,9231.039643574826,277.6559907880259,4318.97100048699,0.7860245367441608
1145,-70.93613098920243,9241.577978182566,-75.02719236890901,2358.0098296618035,0.505408060496034
1142,3.4959721004144053,6735.192467946606,47.8592788716935,29210.11860422075,0.4488429371089746
1143,-40.48188389917542,5103.169902301433,28.460750111972967,4999.484912153367,0.5910808432497221
1144,-75.02719236890901,2358.0098296618035,3.4959721004144053,6735.192467946606,0.6040982619015234
1190,-48.04172136793729,13379.51196472746,277.6559907880259,4390.882088497638,0.8437448080533886
1146,277.6559907880259,4390.882088497638,253.45942543324475,5062.968828367545,0.5324042851352035
1147,-40.48188389917542,5103.169902301433,-126.07035791864598,8400.717355759245,0.3899279184157227
1148,-68.64744773951728,11082.064401566899,-75.02719236890901,2358.0098296618035,0.4916660895306295
1149,-126.07035791864598,8950.736796689014,28.460750111972967,4999.484912153367,0.6916970782462225
1150,-48.0417213679373,12881.641636865397,557.4545126315276,14627.196619865137,0.956348115656476
1151,-75.02719236890901,2358.0098296618035,277.6559907880259,4390.882088497638,0.8752590243726539
1152,325.23595461569886,6962.837227487219,557.4545126315276,14588.645656683515,0.762812744244923
1153,98.4270073749272,7683.851790323771,137.97892319700583,3348.904757444718,0.5523015130520648
1154,98.4270073749272,7683.851790323771,225.1495306250955,5558.940748469694,0.6603261191767926
1155,277.6559907880259,4390.882088497638,557.4545126315276,14588.645656683515,0.8074038340931331
1141,-126.07035791864598,8950.736796689014,137.97892319700583,3348.904757444718,0.8027649960941087
1189,-48.0417213679373,12881.641636865397,137.97892319700583,3348.904757444718,0.27665033557889146
1185,-68.64744773951728,11082.064401566899,325.23595461569886,6868.543312026152,0.8860170503759579
1187,-116.2139403867957,9583.341674649264,222.91822250621644,5668.135175479737,0.8560070445978388
1158,-75.02719236890901,2358.0098296618035,225.1495306250955,5503.387734488521,0.8379248538396029
1159,-68.64744773951728,11082.064401566899,-25.96707461857953,5734.656415839677,0.4455875605696013
1160,277.6559907880259,4390.882088497638,137.97892319700583,3348.904757444718,0.6813170383908118
1161,28.460750111972967,4999.484912153367,75.39304004977642,8609.230952914628,0.5609655413316015
1156,-176.5452612614114,9842.307595943725,225.1495306250955,5503.387734488521,0.8930028565629842
1162,277.6559907880259,4390.882088497638,72.78000008804385,11296.292556324042,0.7433031901418676
1163,-75.02719236890901,2358.0098296618035,137.97892319700583,3348.904757444718,0.7645380682160359
1164,-70.93613098920243,9241.577978182566,-90.74179140788772,4866.478683011192,0.4742551347789553
1165,-90.74179140788772,4839.217160730944,253.45942543324475,5062.968828367545,0.8659546786831015
1166,47.8592788716935,29210.11860422075,253.45942543324475,5062.968828367545,0.724630124579281
1167,-116.2139403867957,9423.575685608621,3.4959721004144053,6735.192467946606,0.6494632833297183
1168,-48.0417213679373,12881.641636865397,253.45942543324475,5062.968828367545,0.8258062610623027
1169,47.8592788716935,29210.11860422075,281.4716401355471,14433.035553914417,0.25795287140705375
1170,-75.02719236890901,2358.0098296618035,47.8592788716935,29210.11860422075,0.6416505365187919
1171,277.6559907880259,4390.882088497638,225.1495306250955,5503.387734488521,0.5697698487693219
1172,-75.02719236890901,2358.0098296618035,222.91822250621644,5668.135175479737,0.8360076267716381
1173,325.23595461569886,6868.543312026152,137.97892319700583,3348.904757444718,0.7318412107139226
1186,43.377690925234994,6265.131910491513,118.71338965272648,5593.693450528157,0.5982169226793272
1184,98.4270073749272,7683.851790323771,281.4716401355471,13527.64135869864,0.28513617177796835
1183,137.97892319700583,3348.904757444718,253.45942543324475,5062.968828367545,0.651330844246591
1182,-48.0417213679373,12881.641636865397,222.91822250621644,5668.135175479737,0.8006227826483852
1188,47.8592788716935,29210.11860422075,277.6559907880259,4390.882088497638,0.25214427872189626
1180,47.8592788716935,29210.11860422075,137.97892319700583,3348.904757444718,0.3954392624175041
1181,98.4270073749272,7683.851790323771,277.6559907880259,4390.882088497638,0.7209810099793352
1178,-25.96707461857953,5636.719280085125,277.6559907880259,4390.882088497638,0.8375806543690595
1177,3.4959721004144053,6735.192467946606,-48.0417213679373,12881.641636865397,0.43546063070495244
1176,137.97892319700583,3348.904757444718,557.4545126315276,14588.645656683515,0.8993097954798916
1175,325.23595461569886,6868.543312026152,222.91822250621644,5668.135175479737,0.6314994103230104
1174,30.777943895158867,8965.47462933678,-25.96707461857953,5636.719280085125,0.42689247940762987
1179,-40.48188389917542,5103.169902301433,137.97892319700583,3348.904757444718,0.2753766130077044
1157,-90.74179140788772,4839.217160730944,47.8592788716935,29210.11860422075,0.6569589173578213
1193,-140.36228702879455,9186.260749965693,311.85436319716655,3631.201305397187,0.9191430473150848
1192,10.459079415377964,9518.276351250257,279.5778070688691,4394.602313455255,0.8049474811964336
1195,-35.62644392166128,8046.727751704923,-140.36228702879455,9175.728581627194,0.6308394937969313
1197,-37.356405799308895,4544.123225655797,19.7504067244092,4479.800871267833,0.42376236671328193
1217,-88.73830588949409,4675.106181835905,244.72599911370136,5200.463307363274,0.14105919037937742
1218,-35.626443921661284,7737.732292059702,10.459079415377962,9260.459879311853,0.558655156846524
1219,150.55562607202364,12429.498446948777,119.69041472384994,2609.4710667726245,0.4601559033746967
1220,19.7504067244092,4485.723579641639,30.785874868383903,8061.966325276792,0.5144954673251719
1221,354.28691155235174,6316.699552549014,271.3682011161978,10609.531122980647,0.6045927542339812
1222,-95.86986702825408,2137.1053358447693,150.55562607202364,11416.949594351541,0.21438883463917655
1223,-185.16135407139288,17102.471907392162,131.6469546892396,6547.448514116417,0.8304188932817637
1224,42.93689403451671,5137.541249039633,10.459079415377962,9260.459879311853,0.4579170100072324
1225,-95.8698670282541,2284.4671882431285,229.5402162753645,5197.608414623743,0.8566054269488548
1226,150.55562607202364,11416.949594351541,271.3682011161978,10090.040134453904,0.35354610131980346
1227,-88.73830588949407,4763.933973695126,119.69041472384994,2721.925747342844,0.7574234629162775
1228,72.692904277511,6123.358793700086,229.5402162753645,5263.49975264716,0.6970991897005963
1229,311.85436319716655,3775.1648586300776,271.3682011161978,10090.040134453904,0.5525698045493506
1230,-179.38732209655964,10072.430405084824,311.85436319716655,3775.1648586300776,0.9330741447778599
1194,-95.8698670282541,2284.4671882431285,54.824295280184074,33839.527437543205,0.6682154499176817
1216,54.82429528018407,27636.44623164633,354.28691155235174,6176.434059548364,0.8062278058544718
1196,0.0,60235.272498719016,119.69041472384994,2721.925747342844,0.6218127689857817
1215,311.85436319716655,3775.1648586300776,119.69041472384994,2721.925747342844,0.2580623976922738
1213,72.692904277511,6038.4287270077275,311.85436319716655,3775.1648586300776,0.7839695220325084
1198,271.3682011161978,10090.040134453904,599.0322262596309,13282.489699982934,0.8385199908746548
1199,-140.36228702879455,9175.728581627194,150.55562607202364,11416.949594351541,0.8143700111233549
1200,-88.73830588949407,4763.933973695126,42.936894034516726,5089.596876037714,0.6695269290466179
1201,-35.813977283207194,7117.625246905586,311.85436319716655,3775.1648586300776,0.8669341720768493
1202,-14.069819623049874,8524.242528589375,279.5778070688691,4471.089571397239,0.8260363194116553
1203,244.72599911370136,5269.815245847423,279.5778070688691,4471.089571397239,0.4534820612560573
1204,-88.73830588949407,4763.933973695126,-140.36228702879455,9175.728581627194,0.43314215591358873
1205,42.936894034516726,5089.596876037714,150.55562607202364,11416.949594351541,0.36517416853044
1206,-37.356405799308895,4545.428043489823,229.5402162753645,5263.49975264716,0.8085616404932318
1207,-14.069819623049865,8379.253104504458,119.69041472384994,2721.925747342844,0.6707254840746623
1208,-140.36228702879455,9175.728581627194,279.5778070688691,4471.089571397239,0.9039333143855983
1209,42.936894034516726,5089.596876037714,244.72599911370136,5269.815245847423,0.7468120505758077
1210,-37.356405799308895,4545.428043489823,30.785874868383903,7709.332238611624,0.5888128273112332
1211,54.82429528018407,27636.44623164633,119.69041472384994,2721.925747342844,0.5765466769187338
1212,19.7504067244092,4485.723579641639,119.69041472384994,2721.925747342844,0.6329953418600276
1214,-88.73830588949407,4763.933973695126,271.3682011161978,10090.040134453904,0.13007527705555008
1066,-34.797511660038424,5357.386793836612,497.6304984357392,10099.88126175853,0.05502775149055789
1043,-4.115546598161806,4230.595051833788,285.02030736648726,4168.73739522269,0.8286799699601988
1069,250.31274228861741,4886.428963725682,-114.63314370922008,40855.50351580017,0.8404964332652989
1046,-34.797511660038424,5636.125072299086,251.0058968876303,5039.456482635647,0.8229354672071509
1045,0.0,60235.272498719016,160.90651471171495,2507.7456545250916,0.661656256781648
1044,0.0,60235.272498719016,37.79308098132209,6182.091695663518,0.5385834612386526
1071,-234.20531877264642,17045.137645112914,143.46552449086403,6573.523182084422,0.8706454323069269
1042,-234.20531877264642,17747.100514649013,-114.63314370922008,47072.60728980642,0.6209146637039482
1041,0.0,42853.62730785003,37.7930809813221,6176.706281830019,0.45879673952924394
1048,250.31274228861741,4955.272758655232,497.6304984357392,11626.295313817012,0.21744588766753967
1040,33.329908499491935,21068.393714599242,52.9099641268196,5867.856475537053,0.5236614475458512
1038,143.46552449086406,6587.499651869206,497.6304984357392,11626.295313817012,0.862268249907343
1037,-119.64562974356109,8053.462578843487,612.5550763425736,13129.01662340977,0.9798373122875709
1036,250.31274228861741,4955.272758655232,150.4096214912347,7943.057736274364,0.6282457554836407
1034,0.0,40341.23932745841,-4.115546598161796,4296.50072151906,0.495421124501366
1033,-31.91208653382918,4325.63346845324,285.02030736648726,4236.979098008428,0.8492490971734482
1032,-34.797511660038424,5636.125072299086,-114.63314370922008,47072.60728980642,0.5852109599544937
1039,-234.20531877264642,17747.100514649013,160.90651471171495,2610.7919307581797,0.8841041668624771
1049,-119.64562974356109,8342.91454486543,150.4096214912347,7620.141956295051,0.8030975022147571
1047,52.909964126819595,5731.867056126991,612.5550763425736,13189.944391179324,0.9501783293211182
1052,-31.91208653382918,4396.981982284857,-4.115546598161796,4296.50072151906,0.5374025536614887
1068,33.32990849949194,18044.021363784475,285.02030736648726,4236.979098008428,0.779582310868002
1067,160.90651471171495,2610.7919307581797,612.5550763425736,13189.944391179324,0.9161158483982642
1065,37.7930809813221,6176.706281830019,251.0058968876303,5070.361009442547,0.24282926223434823
1064,0.0,40341.23932745841,-119.64562974356109,8342.91454486543,0.3716347096976107
1063,-4.115546598161796,4296.50072151906,52.909964126819595,5731.867056126991,0.5756244201132175
1051,33.32990849949194,18044.021363784475,143.46552449086406,6587.499651869206,0.6319535402511666
1060,52.909964126819595,5731.867056126991,150.4096214912347,7620.141956295051,0.3750587702282185
1062,-31.91208653382918,4396.981982284857,150.4096214912347,7620.141956295051,0.2756358367179968
1058,285.02030736648726,4236.979098008428,612.5550763425736,13189.944391179324,0.8454480369263004
1057,37.7930809813221,6176.706281830019,250.31274228861741,4955.272758655232,0.2433674951300647
1056,0.0,40341.23932745841,497.6304984357392,11626.295313817012,0.9051173717741753
1055,-34.797511660038424,5636.125072299086,143.46552449086406,6587.499651869206,0.2802358162118129
1054,33.32990849949194,18044.021363784475,-234.20531877264642,17747.100514649013,0.7786067453624325
1053,160.90651471171495,2610.7919307581797,251.0058968876303,5070.361009442547,0.379964571004383
1059,0.0,42853.62730785003,-114.63314370922008,47072.60728980642,0.39275906971442975
1250,-111.04357372629218,7543.788508564746,72.89573789346962,7333.551202361652,0.7227091630046822
1247,-128.74754195607397,7630.199117997519,62.944130357406976,4572.8724661724,0.734034284004532
1248,-194.09054095600794,16370.064382235178,132.2489784091424,5827.723868041926,0.838943122681784
1249,89.87331434237525,5099.78103415799,99.40520811499684,6578.253761993428,0.5125919473200453
1252,29.516982869738648,15208.295103108343,627.9198988877356,12518.025284944397,0.9545728415214337
1246,-23.289661039554872,4114.555994511184,178.7591454093432,2538.782993514411,0.24794336446402307
1254,62.944130357406976,4611.442942778919,30.169649108298692,4917.9443630782525,0.4561787463338326
1255,99.6782801323568,8474.987389462629,316.19590373313304,3464.3526419494924,0.24046680956403252
1256,-59.740219684391285,4170.426713817537,316.19590373313304,3564.364037394929,0.8876723547868842
1257,227.98789306736626,4557.919835535235,296.7823221148092,4049.4289765431213,0.4082089503613163
1258,-23.289661039554865,4038.5053117173097,227.98789306736626,4420.820248625117,0.796850269845355
1253,178.7591454093432,2524.6584993286588,468.0640353037352,10621.89089003642,0.17756719396508597
1245,132.2489784091424,5723.969112827486,227.98789306736626,4420.820248625117,0.3747701958114032
1251,100.59703462308644,9174.418294457506,316.19590373313304,3564.364037394929,0.24239825646814522
1243,316.19590373313304,3564.364037394929,243.8301927563996,12017.345955099108,0.5923043499146693
1244,30.169649108298678,4749.406168376801,99.6782801323568,8238.05201918072,0.4098560417250088
1231,316.19590373313304,3564.364037394929,59.319605636210056,15172.30488469304,0.7883511605952863
1232,62.944130357406976,4611.442942778919,178.7591454093432,2524.6584993286588,0.6529933132461608
1233,-20.16109331945381,7324.223203328162,316.19590373313304,3564.364037394929,0.8595796612773186
1234,99.6782801323568,8238.05201918072,267.3101090624477,4495.895417382659,0.2924012864202279
1235,-20.161093319453816,7297.618432776886,59.5048393380391,7825.732832272806,0.6016656375984639
1236,379.41426393543185,6203.536656392044,316.19590373313304,3564.364037394929,0.583842178104247
1238,267.3101090624477,4388.889144356174,178.7591454093432,2524.6584993286588,0.38134263513933464
1239,89.87331434237525,4915.42015398614,99.40520811499684,6259.7177165442745,0.4873665303224343
1240,-128.74754195607397,7443.193131543643,316.19590373313304,3564.364037394929,0.9178199304499517
1241,-68.52996177494867,47237.893401358604,178.7591454093432,2524.6584993286588,0.7487108689834012
1242,33.435831097232494,6509.432138330892,227.98789306736626,4420.820248625117,0.2613924699852832
1237,99.6782801323568,8238.05201918072,227.98789306736626,4420.820248625117,0.6627531376656179
1310,-40.78107979369098,7002.885243331332,-80.76971411321453,2211.7718915588903,0.5535170620477835
1307,0.0,60235.272498719016,-40.78107979369098,6778.495049265813,0.4584643411887578
1308,-145.58523517672057,7490.798606570009,45.60965646489209,4286.710284230618,0.26595941033237436
1311,-217.8105667886385,13185.237906460894,45.609656464892105,4340.854258219652,0.2044991277792188
1309,-64.52303103922962,4291.889143221009,61.15670194739629,4541.781650059351,0.663371080262156
1312,-95.71425923462667,7659.952014609997,-64.52303103922961,4325.431827369586,0.541044145001297
1313,-95.71425923462667,7667.161292081431,-40.78107979369098,6778.495049265813,0.570870527376595
1314,-64.52303103922961,4325.431827369586,45.609656464892105,4340.854258219652,0.3555247514556973
1315,-145.58523517672057,7315.84256557879,61.15670194739629,4559.333381684921,0.7498896878392216
1290,-324.1405051789443,38902.33647749452,-7.204871368835911,3927.03812602854,0.8103093239641496
1291,-128.57704109813014,12335.113720017565,13.781758806216146,3946.5408308112656,0.6755870985266137
1292,-117.58945327099842,7295.729504816309,224.54650088368905,3894.5791776715637,0.8630018145819944
1293,86.86471610615087,4715.672506114065,408.5211995815951,9206.621559904077,0.8456503920646792
1294,0.0,60235.272498719016,192.60908075522528,2378.2152248118705,0.30892683787393627
1295,-201.5770862496623,15914.140259067872,0.0,43891.977474987376,0.7009974667701309
1296,-63.44684016690549,26604.021761184744,224.54650088368905,4132.288374258193,0.8005211588095771
1297,-203.2908695766152,15140.946080557946,-145.9384728552655,33661.87865612732,0.43757304747661235
1299,-57.52753597650383,20987.271930351253,78.97178024179563,12366.572312919458,0.6551986960829004
1289,-201.5770862496623,14765.013592365089,-115.46473528176794,17901.160703905156,0.40002632801509824
1300,-117.58945327099842,7393.8984968743025,-7.204871368835903,4156.813626709829,0.3577934887636998
1301,67.50957134652485,6914.902643128291,-115.46473528176793,19347.596732137175,0.29022623972100536
1302,-159.27333730666425,12001.721000294212,-128.57704109813014,17453.7384963436,0.5365851491523983
1303,-33.532002177775354,7246.650991620382,13.781758806216137,4146.347061328886,0.562327322145129
1304,158.82082448579774,5514.792290694991,86.86471610615087,4918.9770514619395,0.5947693752600249
1305,411.45820974045637,10104.355617389992,408.5211995815951,9188.373932934945,0.4962964765553909
1306,141.82474269068396,9020.675567137196,192.60908075522528,2634.3674805502656,0.4332630029981321
1298,79.43244403678848,5575.150219380047,233.39044858313926,4118.341199970695,0.6957357625938378
1288,-203.2908695766152,14626.407062107952,-33.532002177775354,7263.663045247736,0.7002517319166575
1262,86.86471610615087,4918.9770514619395,-63.4468401669055,30773.011069737964,0.3318701514972435
1286,158.82082448579774,5557.187968647709,233.39044858313926,4287.955085420134,0.5985042717997497
1287,67.50957134652484,6897.1100286259125,141.82474269068393,8663.168424638141,0.5947484640577643
1259,-201.5770862496623,14765.013592365089,141.82474269068393,8663.168424638141,0.8492568907326017
1260,233.39044858313926,4287.955085420134,408.5211995815951,9188.373932934945,0.7149214523663479
1261,-324.1405051789443,40275.5965894468,-117.58945327099842,7393.8984968743025,0.7142599078118541
1263,-115.46473528176793,19347.596732137175,192.60908075522528,2634.3674805502656,0.8259077441398244
1264,-145.9384728552655,31765.22468466782,13.781758806216137,4146.347061328886,0.6777045805704786
1266,-159.27333730666422,11023.469129524507,-33.532002177775354,7263.663045247736,0.6547178052809854
1267,-203.2908695766152,14626.407062107952,-7.204871368835903,4156.813626709829,0.7308537146698393
1268,158.82082448579774,5557.187968647709,411.45820974045637,9575.759975035899,0.7891267108425611
1269,79.43244403678848,5669.920235135812,224.54650088368905,4132.288374258193,0.6854094487660787
1270,67.50957134652484,6897.1100286259125,78.97178024179563,16016.926156161231,0.514158642596612
1271,-115.46473528176793,19347.596732137175,0.0,43891.977474987376,0.6175351586080597
1272,-63.4468401669055,30773.011069737964,411.45820974045637,9575.759975035899,0.9045377904291714
1265,-55.360782517776606,24037.95447256661,-57.52753597650383,24754.77772225071,0.4976308424741879
1274,-287.06093068135146,16070.279646295468,79.43244403678848,5669.920235135812,0.8659601388293314
1273,-324.1405051789443,40275.5965894468,-203.2908695766152,14626.407062107952,0.37343362444305467
1285,-159.27333730666422,11023.469129524507,-145.9384728552655,31765.22468466782,0.4850486220203579
1284,79.43244403678848,5669.920235135812,411.45820974045637,9575.759975035899,0.8512160834931741
1283,-55.36078251777659,23857.32626133386,78.97178024179563,16016.926156161231,0.6486000025520318
1282,78.97178024179563,16016.926156161231,192.60908075522528,2634.3674805502656,0.3596864310911881
1280,233.39044858313926,4287.955085420134,86.86471610615087,4918.9770514619395,0.6877140781049794
1281,224.54650088368905,4132.288374258193,408.5211995815951,9188.373932934945,0.7245645601888154
1279,-7.204871368835903,4156.813626709829,13.781758806216137,4146.347061328886,0.5283367960396548
1278,-145.9384728552655,31765.22468466782,-128.57704109813014,17453.7384963436,0.5189424963901932
1277,-55.36078251777659,23857.32626133386,67.50957134652484,6897.1100286259125,0.6421706102081294
1276,-117.58945327099842,7393.8984968743025,-33.532002177775354,7263.663045247736,0.607411598337242
1275,-57.52753597650383,24754.77772225071,141.82474269068393,8663.168424638141,0.7193963873162796
1323,-56.67842578384318,4002.43094499709,-7.112814609049508,4081.76222238221,0.43328488544363164
1325,-192.37761705954478,10019.893557067882,-89.0913738642073,2515.5723192394657,0.36731000329500296
1324,-127.83878911070414,7402.469527099502,75.34039946543632,4452.839805935219,0.7463091037128164
1326,-89.0913738642073,2636.474253768162,-7.112814609049499,4114.01845704411,0.6102592816986071
1322,0.0,60235.272498719016,-7.112814609049499,4114.01845704411,0.5073269619043483
1317,-127.83878911070414,7246.679284620491,-2.2505445998138582,6104.6289517337045,0.65888332114089
1320,-192.37761705954478,9351.719239452692,75.3403994654363,4502.322286581006,0.8038407802793543
1319,-127.83878911070414,7246.679284620491,-89.0913738642073,2636.474253768162,0.551635240333729
1318,-89.0913738642073,2636.474253768162,-131.01720944111312,6710.562594724629,0.5560395396575928
1316,-2.2505445998138667,6003.563062225623,-89.0913738642073,2636.474253768162,0.384887156397249
1321,-2.2505445998138667,6003.563062225623,-131.01720944111312,6517.66008217138,0.3365748934099685
1334,83.75864855605664,4430.297663764631,-18.685378061243366,3868.5937573671,0.635199274519123
1337,-0.3461376355476256,7973.038537810552,83.75864855605664,4448.831528710012,0.6089411141197228
1336,-173.62108405356173,6796.676392673321,-88.42948295660028,2426.0845081578123,0.3874317472617011
1335,-173.20054285813214,8688.158916193393,-41.913402880634266,5544.5910638943315,0.3352340441374595
1333,-173.62108405356173,6610.429345069766,-50.43637691502189,4044.9292840276257,0.6585559615342659
1327,-173.62108405356173,6610.429345069766,-128.47820072296736,6132.345873159929,0.4410184773608833
1331,114.25886370478732,45224.482691934914,-50.43637691502188,4092.855556592957,0.3267034482064667
1330,-41.91340288063426,5492.204364487037,83.75864855605664,4448.831528710012,0.33775124403403695
1329,0.0,60235.272498719016,-173.62108405356173,6610.429345069766,0.671233179185061
1328,-41.91340288063426,5492.204364487037,-128.47820072296736,5997.9241626202065,0.38732053336178784
1332,-50.43637691502188,4092.855556592957,-128.47820072296736,5997.9241626202065,0.6028064985706865
1344,-138.09237490242137,5539.88035664,84.60016038517422,4165.714180098123,0.7685194305064371
1342,-140.66522629453775,8049.227498236522,-19.646074907689385,3778.606461752748,0.34515615144265754
1341,-56.64642690720482,5032.970829545951,-25.24815236044597,3896.0730987048337,0.5421605731254606
1343,-19.64607490768937,3841.3977261310893,84.60016038517422,4236.489697160586,0.6376601547083713
1339,-11.522391604798658,30247.016362199618,-19.64607490768937,3841.3977261310893,0.49052162712413394
1338,-56.64642690720482,4993.423004025496,84.60016038517422,4236.489697160586,0.6815169245447543
1340,-148.67531562010066,5650.374760199214,84.60016038517422,4236.489697160586,0.7783804238055673
1388,293.06839010639885,3082.149068563161,230.85512445887437,3905.2712917749495,0.5840974898011123
1380,43.30801821491555,3835.876684283881,173.88604416756607,2483.948233563976,0.6719788045906638
1382,173.88604416756607,3159.869952335352,265.45804852458457,16335.68184262272,0.3864889985393556
1383,-32.101643675343006,3651.7940707534485,44.44629167127273,14338.909054380612,0.5961578069110011
1384,-145.47232870683095,5607.534816351091,44.44629167127271,13715.587041876244,0.7239593554212989
1385,-145.47232870683095,5743.245466292825,0.0,60235.272498719016,0.3546344429649745
1379,-32.10164367534301,3878.738157026312,0.0,42394.879304763286,0.4645813355609904
1386,-114.30486929493566,42111.82913932448,173.88604416756607,3159.869952335352,0.7861904870182472
1387,47.85892670186706,4541.333509541855,44.44629167127271,13715.587041876244,0.5043292931078933
1389,-97.54320299249555,6302.078609943877,43.30801821491555,4438.329627762911,0.6794263931975936
1395,293.06839010639885,3999.0062258830976,173.88604416756607,3159.869952335352,0.6571360183680071
1391,-18.854332423430904,3825.1700898496706,173.88604416756607,3159.869952335352,0.7418823308508355
1392,293.06839010639885,3999.0062258830976,239.99622091119653,40954.39951102462,0.5587342257451335
1393,-18.854332423430908,4448.724509645314,62.12472191842862,5305.510877087456,0.606798543179135
1394,-17.535297878302977,3950.254109264376,239.99622091119653,31147.501512739353,0.229140015048891
1396,-76.45717605644649,4880.239420095214,0.0,60235.272498719016,0.4219928215253719
1397,62.12472191842862,5779.61319140664,265.45804852458457,20040.812562611853,0.26941234653004675
1398,-114.30486929493567,36162.26679662088,43.30801821491555,4438.329627762911,0.6721330380913567
1399,384.0233581419909,6232.88071482335,230.85512445887437,4486.969822188461,0.6936697070285277
1400,293.06839010639885,3999.0062258830976,0.0,60235.272498719016,0.7738786831182239
1378,-76.45717605644647,5021.980852805918,0.0,47691.08172448047,0.5816600812319741
1390,0.0,42394.879304763286,239.99622091119653,31147.501512739353,0.7250574442642076
1377,108.71253822585739,3989.2474068957167,239.99622091119653,31147.501512739353,0.3515931075832753
1381,44.44629167127271,13715.587041876244,173.88604416756607,3159.869952335352,0.6602132585375156
1421,52.469362853385334,17054.52176522183,329.9130573586842,3815.0410938059886,0.8031857949296015
1420,-24.890659897664783,4351.082290767329,199.11060336792366,2910.3897883053082,0.7731656512043303
1419,52.469362853385334,15945.574296971265,57.24467622178434,35369.26274604985,0.505168149199414
1418,130.74989067639328,4220.026207768498,199.11060336792366,3032.5839947753,0.40793404841470626
1417,130.74989067639328,4245.659493301427,-24.890659897664772,4413.349701059528,0.6988651749185982
1416,130.74989067639328,4245.659493301427,-267.0105572621089,38525.1624661775,0.1367270483842563
1415,52.469362853385334,15945.574296971265,408.008533569996,6984.121223363122,0.8577607887938238
1422,-267.0105572621089,34915.70555734391,199.11060336792366,3032.5839947753,0.9026511462456244
1414,71.07944862817105,7617.001858688322,199.11060336792366,3032.5839947753,0.3356256817111409
1412,-61.4286619610148,4857.67715003327,-141.66093969545162,45488.38525905971,0.5864244114821362
1411,-141.66093969545162,33568.07986674185,199.11060336792366,3032.5839947753,0.8333583720231783
1410,-267.0105572621089,34915.70555734391,52.469362853385334,15945.574296971265,0.1952843358377915
1409,329.9130573586842,3917.000406377637,408.008533569996,6989.485293740211,0.6023377942778201
1407,52.469362853385334,15945.574296971265,199.11060336792366,3032.5839947753,0.6778689326939805
1406,-61.428661961014804,4840.4532712008,0.0,60235.272498719016,0.4371636589863967
1413,-267.0105572621089,34915.70555734391,408.008533569996,6989.485293740211,0.9636686231583615
1405,55.49297021378584,4233.443479793367,199.11060336792366,3032.5839947753,0.6865187580071144
1423,130.74989067639328,4245.659493301427,421.7468817477618,8651.273566565831,0.8240924500192106
1425,-130.0140714760817,5513.8983472569225,199.11060336792366,3032.5839947753,0.14226324732789833
1439,-130.0140714760817,5568.562785421631,329.9130573586842,3917.000406377637,0.9253110771705988
1438,-61.428661961014804,4840.4532712008,52.469362853385334,15945.574296971265,0.36099111951498447
1437,221.33518259839352,10158.640713903349,199.11060336792366,3032.5839947753,0.529050112916646
1436,-24.890659897664772,4413.349701059528,55.49297021378584,4275.5840795810445,0.6067782006494615
1435,52.469362853385334,15945.574296971265,71.70956574322095,5058.09701518831,0.5240094678768181
1434,71.07944862817105,8306.787237420911,52.469362853385334,15945.574296971265,0.5228124581431797
1424,-146.82019314556064,5701.207563281202,-61.428661961014804,4840.4532712008,0.6118690969015896
1433,0.0,40597.39912642103,199.11060336792366,3032.5839947753,0.2895061479593067
1431,-24.890659897664772,4413.349701059528,226.48806754820876,4333.953402653708,0.7965375843075918
1430,221.33518259839352,10839.381395377146,329.9130573586842,3917.000406377637,0.3626536472743768
1429,-130.0140714760817,5568.562785421631,52.469362853385334,15945.574296971265,0.2860294508099901
1428,408.008533569996,6989.485293740211,638.5115791813163,12439.39838714653,0.23631673278832382
1427,-130.0140714760817,5568.562785421631,9.613606052668986,4162.139768168292,0.3209294483179067
1426,52.469362853385334,15945.574296971265,44.10119303898269,10677.960963527383,0.5101345023186454
1432,-141.66093969545162,33568.07986674185,130.74989067639328,4245.659493301427,0.7806320159599377
1404,-130.0140714760817,5568.562785421631,-141.66093969545162,33568.07986674185,0.48672731053987695
1408,-267.0105572621089,34915.70555734391,329.9130573586842,3917.000406377637,0.9477888829057398
1402,-146.82019314556064,5936.556051274939,130.74989067639328,4245.659493301427,0.8169496626627373
1403,44.10119303898269,9954.874339750117,199.11060336792366,3032.5839947753,0.3067360695688386
1401,408.008533569996,6989.485293740211,199.11060336792366,3032.5839947753,0.7544691529252465
1487,186.8012111921653,11869.834649598128,398.8333213428359,9536.244500799072,0.7437896888686361
1488,281.01673337813645,10403.952196279854,225.1281907334392,4432.97991054964,0.42808464055544526
1486,424.2231477279553,9250.706710835771,148.6249548059594,2473.7938532616786,0.8132449827486518
1452,-80.0129588054062,4577.175084428177,146.03339209890342,2564.387050509903,0.7753112154344297
1453,-80.0129588054062,4628.856850234076,-109.70386562376841,16330.828846870154,0.46297572217368754
1454,433.66169180492824,9081.091358496144,586.3867710995835,11330.480438912853,0.3167275980474315
1455,-151.3993955609955,5902.209435914936,-80.0129588054062,4628.856850234076,0.593976824754624
1456,313.3624832297793,3635.6564654854387,586.3867710995835,10659.002804259457,0.19227619807111695
1457,-103.18171844950587,8561.839174590286,146.03339209890342,2576.622716570928,0.7913218383768987
1458,-151.3993955609955,5796.212957628927,-176.35293001125046,12811.861648009779,0.5315537317675455
1445,-7.058063305652886,4337.322544537733,-103.18171844950588,8358.440192253887,0.3762635268865351
1451,38.57752293885558,9230.265337720874,313.3624832297793,3742.8803891959587,0.8109141341385794
1440,313.3624832297793,3742.8803891959587,433.66169180492824,8589.719328312325,0.34648452339215696
1441,-19.48145426351829,3752.312001715165,133.8937694306028,3830.134395180879,0.30246092946416253
1442,-109.70386562376838,14526.057232069466,146.03339209890342,2576.622716570928,0.7893709184096056
1443,-109.70386562376838,14526.057232069466,313.3624832297793,3742.8803891959587,0.09926999058685129
1444,-7.058063305652886,4360.535791170333,146.03339209890342,2576.622716570928,0.30201238627029436
1459,-7.058063305652886,4360.535791170333,433.66169180492824,8589.719328312325,0.9141354217806182
1460,-7.058063305652886,4360.535791170333,313.3624832297793,3742.8803891959587,0.8523215920229402
1450,-1.5625075274254054,6326.230071244042,313.3624832297793,3742.8803891959587,0.15418277529178068
1447,-80.0129588054062,4628.856850234076,113.52929819174032,29435.184145695657,0.7131622806188783
1446,-59.00163715335497,4107.377005963783,44.36719690714753,4120.99493134819,0.6364239757448109
1448,-109.70386562376838,14526.057232069466,38.57752293885557,9005.437718043859,0.32440561907459103
1449,146.03339209890342,2576.622716570928,586.3867710995835,10659.002804259457,0.913698498310756
1345,71.18437122611672,5024.570138140938,234.44897909627485,4394.575377574629,0.7066090756746612
1346,14.156369085287594,8813.469965401002,-149.99043941347009,5529.787272537188,0.701970553090521
1347,144.09401162915012,2412.4505968836097,215.6097372993078,11370.651711472397,0.4077613749874456
1348,92.69177686391626,5555.379405842115,0.0,60235.272498719016,0.5940449065674339
1349,18.161091834323155,10415.798670290747,5.73907486593682,8469.13754077686,0.5156966220726884
1350,-142.94282759315337,21851.6465189131,-69.10361620227414,4172.080173855835,0.5888671687675237
1360,464.1552774785526,8163.498948094915,92.69177686391626,5760.977577027335,0.8778384188910684
1353,18.161091834323166,9692.15360239471,144.09401162915012,2487.1143977110223,0.6603892748946006
1354,-149.99043941347009,5448.001799203546,71.18437122611672,5140.443987017241,0.7658600951232153
1355,234.44897909627485,4433.2951704371135,14.156369085287597,15751.2673269525,0.753143411013583
1356,5.739074865936836,8021.4872540136375,0.0,41113.28653374714,0.5062661602313911
1357,215.6097372993078,11692.958735813876,24.000297245758464,6157.255875102121,0.7273216404560677
1358,158.42111737177015,5215.528736308287,-142.94282759315337,18833.266952481077,0.818415462123277
1359,-69.10361620227415,4155.061548854828,124.75448198026385,16697.75404768259,0.7263294472734317
1351,24.00029724575848,7057.529995493952,124.75448198026385,15522.131180599452,0.6224316953318536
1352,464.1552774785526,9118.124660934045,158.42111737177015,6268.63812612523,0.8321983504464306
1369,29.871762913940675,9087.147714709434,102.40576175351957,5775.343284740596,0.5929133021117898
1361,196.95607045582,10885.10723540089,1.9287434652152995,7680.203493218618,0.2699798773934349
1370,-167.60496333337778,40594.97268102968,-200.11506410567796,20308.878797615973,0.4661310880877154
1371,161.77253384467548,6168.904589225711,251.25357322681253,4357.731781315799,0.6170557865288566
1368,177.94168385524875,14389.603708474679,161.0582350908753,2463.355793000249,0.5215857893104207
1373,196.95607045582,10221.867589009313,-165.4789518624447,5388.099241757999,0.8704652721584858
1374,20.84690894240214,14588.172323372048,73.25185657227605,5023.230170031746,0.5656161626627806
1375,161.0582350908753,2438.015811575827,1.9287434652152995,7355.44099265284,0.29849576804919875
1376,482.06003531505684,8929.647778722128,177.94168385524875,12874.667328726346,0.8231370646696934
1372,3.64985612358959,6782.294319131703,-60.90819332275449,4084.2602183147924,0.5849758400731809
1366,-200.11506410567796,17414.24605474628,3.6498561235895837,6454.151739552446,0.7330325854385547
1365,161.77253384467548,5908.7574219726675,20.84690894240213,13061.11982936786,0.6714646405220707
1364,102.40576175351957,5544.155720750179,73.25185657227604,4849.168382663013,0.5387753597283204
1363,-60.90819332275448,3977.8736370895554,29.871762913940685,8495.445065479782,0.6172617615175473
1362,-167.60496333337778,30428.73652899224,-165.4789518624447,5318.429573660105,0.5024613837085052
1367,251.25357322681253,4238.016006164539,482.06003531505684,8629.273226362488,0.7720881220428291
1477,74.15845623337263,4677.465841352,148.49047918958345,2376.954653062911,0.6000454993761413
1478,3.7591604265556477,3966.446403829279,148.49047918958345,2356.9505676244466,0.31106227155066574
1479,267.597075400575,4050.2853810106085,74.15845623337265,4533.012841649654,0.7404787774299284
1480,-111.47380158404466,6784.8255603297375,148.49047918958345,2356.9505676244466,0.19646302452821704
1482,318.9316299098023,3367.1619494367746,293.0076333943785,3827.659322184228,0.5352561264160273
1483,-82.66991145245112,4267.131399014702,124.68551210471286,3845.645320495134,0.2445243311020409
1484,-82.66991145245113,4327.780827233853,156.10631482836973,26454.547792852292,0.7587974224971212
1485,-9.55181094921928,4158.73767725678,35.47803493594695,7948.379271817507,0.4409263526174878
1476,148.49047918958345,2356.9505676244466,293.0076333943785,5171.555120696013,0.6872752961083081
1481,-160.7883251196618,5088.564647499838,-9.551810949219277,4185.371100557474,0.6930920123775666
1475,318.9316299098023,3441.3354877521892,175.15281793720757,12667.506943162982,0.6773667425161085
1471,256.8648174675926,4176.362537742462,511.3641362131184,8564.669061719536,0.20611992374635615
1473,-160.7883251196618,4938.640642344512,3.759160426555635,4024.264130936024,0.2914015225393803
1461,318.9316299098023,3441.3354877521892,156.10631482836973,23296.545487188294,0.3115790758403437
1462,-9.551810949219277,4185.371100557474,148.49047918958345,2356.9505676244466,0.7041851088067625
1463,-160.7883251196618,4938.640642344512,318.9316299098023,3441.3354877521892,0.933590366437024
1464,35.478034935946965,7485.193687808348,53.130036285620804,4182.839718975334,0.47669078769408707
1465,-213.65381840819074,13061.167641662229,148.49047918958345,2356.9505676244466,0.8705119202420499
1474,53.13003628562081,4205.789244135404,88.89716076619769,7261.567627633154,0.45280771019245075
1467,34.01044587594594,31213.88413128011,148.49047918958345,2356.9505676244466,0.6311630266594106
1468,124.68551210471286,3926.7359048326543,148.49047918958345,2356.9505676244466,0.5325929511223284
1469,34.01044587594593,25535.595020494948,-62.712325441659054,7531.203486522844,0.6117353080381133
1470,-160.7883251196618,4938.640642344512,-213.65381840819074,12683.403349334365,0.5669492646588423
1472,148.49047918958345,2356.9505676244466,156.10631482836973,23296.545487188294,0.5092707597749371
1466,-111.47380158404465,7052.75209165802,128.1799406885722,5397.2260119450175,0.21911658376127127
1489,498.83535886648247,8396.530259200998,270.99106424514855,4125.254350240236,0.2302700406160233
1490,430.41500947267457,7809.2306171396185,414.97537049332686,14523.473582781457,0.5191291572338901
1505,376.0998379688305,37902.05118858016,465.03577588006243,7709.89315946217,0.40254529770469993
1506,56.37028630965071,4422.731085753161,114.30339109222416,7618.646385435104,0.42418327280353885
1507,9.903423561708939,3957.8464505009115,0.0,60235.272498719016,0.4897932764133507
1508,2.712118585566759,4144.957696281273,32.875859809247515,7011.344009077224,0.4600880286318464
1512,0.0,60235.272498719016,100.64642913910188,3724.312473011742,0.6025826235669833
1510,208.38202486162385,7781.509141645588,451.95149571545824,6241.842232762095,0.7824154911213634
1511,4.447463661489062,3885.3388213205485,-76.43805493123816,3890.095822896058,0.39191907220821354
1513,0.0,60235.272498719016,-539.4377665064559,21087.89143153969,0.901894005733038
1504,-5.656636750873804,8260.83770545863,-288.31413897714464,24036.25422998508,0.20540764735369066
1509,6.68902621768291,17066.57420975931,199.6899879065867,12828.643451724422,0.7164187746061567
1503,104.70533307345347,5223.0817967391085,141.72433973930592,2087.466789558847,0.44977825558153656
1499,-72.74032965257908,7493.003128460745,127.91555553497602,6917.259474689035,0.7405769531763757
1501,473.27474243287037,7828.23566253397,0.0,60235.272498719016,0.8820650321291417
1502,0.0,60235.272498719016,-84.26868829246528,12898.70405331315,0.5835479040922571
1493,379.44126310887475,12965.131623780233,148.632740462586,11860.489499707612,0.24216058340159352
1494,447.6701444436753,7727.349669040441,287.47464616208464,4967.703912492985,0.6994010912351323
1495,-246.52210860110725,11834.734601178849,0.0,60235.272498719016,0.2686093988185521
1492,252.11642414877127,9508.421423598971,379.44126310887475,12121.181168680181,0.6537999299511332
1497,197.32819498993925,12290.031474376812,159.41945039194542,5705.613828061262,0.4519691561948751
1498,52.60716069079923,4040.3779403997855,28.194292648745694,6185.60213525856,0.5325241813294407
1500,-66.98334022734238,10852.563788776039,-69.8996051279958,25260.496513305836,0.5033704900577013
1496,326.5388935048841,3249.788639216802,-23.175867033425966,15562.306251796734,0.14128414002298362
1491,288.06952256585424,4115.98520884065,456.75827292722744,7478.863996743255,0.7100747227877401
1525,0.0,60235.272498719016,-59.46998555193911,3863.586154276151,0.43893923711299887
1532,-249.26348981522548,11956.426299209494,-3.818203226242725,3981.1000754031766,0.7816757389469977
1531,131.29122144127737,2190.4531562274515,456.5978512073529,6592.717422269219,0.8548166163240524
1530,-13.86408063915691,3926.6968081258574,11.46490674353032,6031.898469469369,0.5338015917113617
1529,475.283250936526,7937.331165689934,195.1841472389618,10812.274301953483,0.8079310963400359
1528,39.741946068992455,7129.769613725979,29.933760965843668,12950.493901315525,0.5123100711292864
1527,277.34731512158805,4949.276643855194,448.33870745543453,7131.791058077547,0.28796343296965604
1526,7.620366742882462,6804.951438468698,136.52273404236706,8258.330112742804,0.33878837032565456
1524,85.62871647819118,7625.685740233362,214.49386587085434,13370.673754897407,0.6560625534141611
1518,-185.27201614101728,12448.25826960591,-129.96710905576526,23394.849232249082,0.5636964144181276
1522,9.326963519957141,4483.432239990833,121.28493252634925,5131.420940747473,0.6458605607358368
1521,163.07177797273474,11070.916961675313,310.01663457166035,22733.589726859118,0.6659769986053101
1520,468.64620393051547,7554.299736882906,29.529143641585524,15028.25457826487,0.9041318041992921
1519,63.730368856267205,21836.55833212285,99.00025645282183,3801.7546568058424,0.5428477877984095
1517,28.472741499702877,21307.601380110158,231.13192921365533,52480.71911320853,0.6932509436800154
1516,-46.02847593584931,9095.333189108387,-89.63014249672035,45874.05758707695,0.5464008713865076
1515,-26.981878998574636,27070.69058311771,523.3020326246252,46369.33917031422,0.9111526094652856
1514,65.05018631119533,4045.373238258757,270.2278672010775,5146.177671093005,0.751808444919397
1523,85.67141324117858,46067.98494489551,119.1423796503581,45200.08280480974,0.4684394179505782
1575,-20.038877921445582,4298.842254090309,134.11736891437093,2693.0437848765,0.3008462355480732
1574,134.11736891437093,2836.5931906537985,371.34219058601184,21459.313924777347,0.23568289294569184
1573,-20.03887792144558,4363.79626591252,109.59756425987382,4220.04029840214,0.33159664970997693
1594,-87.99935869965988,7439.0278537175745,134.11736891437093,2836.5931906537985,0.7671930384380159
1595,134.11736891437093,2836.5931906537985,74.54334566464465,8116.667897464748,0.5784774045210562
1599,75.77003553803429,7768.318335091505,134.11736891437093,2836.5931906537985,0.5770598450264435
1597,65.8941678995155,4444.140694092811,134.11736891437093,2836.5931906537985,0.5918670428436583
1598,-37.031082368245286,6423.845863754604,-45.588488057134256,4229.487895257465,0.5113814885427069
1576,9.682237737675058,20041.022897489685,467.548195769562,6967.67729323921,0.908529784914908
1591,-87.99935869965988,7802.334912744438,53.39316475895574,6898.734708197012,0.32398480608712255
1600,-45.58848805713427,4272.188638896437,65.89416789951551,4477.6576927699025,0.35392857716907355
1596,36.70181822987958,6894.117535904594,475.95600340230055,7614.717323634688,0.9119772568842764
1577,-64.59875906286464,4228.722844504683,65.89416789951551,4477.6576927699025,0.669304500131271
1581,0.0,60235.272498719016,316.03798017280684,3327.5473213700648,0.791465018183775
1579,316.03798017280684,3987.7210992636096,134.11736891437093,2836.5931906537985,0.7305079800331533
1580,108.51307920988569,8184.204595701049,74.04236000920291,4388.887541559611,0.545168009583544
1582,-184.8021984930966,15684.402411297475,65.89416789951551,4477.6576927699025,0.21880241898957647
1583,65.89416789951551,4477.6576927699025,423.1259524154838,7049.310445693145,0.8721376611977945
1584,65.89416789951551,4477.6576927699025,135.1446126032114,5421.08676050791,0.5916007382528927
1585,0.0,48591.22171702704,134.11736891437093,2836.5931906537985,0.6416869611573361
1586,-37.03108236824529,6881.35145713935,134.11736891437093,2836.5931906537985,0.7150256049718806
1587,-45.58848805713427,4272.188638896437,134.11736891437093,2836.5931906537985,0.2722787578655509
1588,-22.46860671797575,12154.81137036302,74.04236000920292,4907.197794915958,0.37893647529196656
1589,-22.46860671797576,11861.026365656398,284.4975577885898,4348.318745040313,0.8320867878808276
1590,-22.46860671797576,11861.026365656398,-45.58848805713427,4272.188638896437,0.5296725800829334
1601,-20.03887792144558,4363.79626591252,36.701818229879585,6980.203428654955,0.4253897402430755
1578,0.0,48591.22171702704,-87.99935869965988,7802.334912744438,0.4075489668624096
1602,0.0,48591.22171702704,371.34219058601184,25879.315512286987,0.8205018257303679
1593,0.3576803665080174,4405.7447621478495,134.11736891437093,2836.5931906537985,0.6748040791837637
1604,0.0,48591.22171702704,284.4975577885898,4632.2411068422225,0.7762293185230986
1605,61.98734150385293,7518.79958908541,280.3207233288573,5644.674702265367,0.7597377075411669
1592,-45.58848805713427,4272.188638896437,284.4975577885898,4632.2411068422225,0.8579212133415124
1603,-64.59875906286464,4921.6025808244885,280.3207233288573,5654.7179231480895,0.8655704698561195
1632,34.30074963447901,10131.4939787735,22.173159825278187,3917.129192777938,0.5157782704362138
1631,297.46962113517253,4513.828563786182,307.6814752604126,5314.618220222649,0.513656092021237
1629,101.02156832503007,4234.983871491783,22.173159825278198,3957.59314752319,0.6051430283175553
1628,34.30074963447902,9493.65835631085,28.32458981082254,7403.250206803856,0.4923575820556714
1627,-38.29202573691388,3827.8095331892846,150.70164830822876,2399.0571764756974,0.7389340527528334
1626,-57.56279425380546,6780.127936241412,50.987584728646944,8376.341197546531,0.36300513162039466
1625,-205.5235189136389,10639.318631043201,-57.562794253805464,6607.7538819229085,0.31901359774087024
1624,-214.39076244587596,37890.76078961562,-205.5235189136389,10679.225219450656,0.509703474924305
1623,-119.60772637053708,13381.528236677843,150.70164830822876,2533.112964857412,0.8033725510957499
1622,-57.562794253805464,6607.7538819229085,150.70164830822876,2533.112964857412,0.24499533320986602
1621,-132.15460141646057,4443.301744229218,-0.9175193514116192,4439.223108398914,0.670012375645051
1620,9.561304112442256,4830.8559636626205,150.70164830822876,2533.112964857412,0.3165227649021588
1619,-29.37468918854599,6568.681714668036,22.173159825278198,3957.59314752319,0.568226680985866
1617,22.173159825278198,3957.59314752319,50.98758472864694,8032.17569070122,0.5379271339710632
1616,266.30612707606195,21622.643258816224,297.46962113517253,4512.979837025702,0.5377784151765372
1615,-214.39076244587596,28916.538087076828,-57.562794253805464,6607.7538819229085,0.6750163856327446
1614,101.02156832503007,4261.428069437355,34.30074963447902,9493.65835631085,0.5861875111558533
1613,-214.39076244587596,28916.538087076828,-0.9175193514116163,4465.072363492011,0.7329309836681377
1612,28.45711482397204,4046.8821402476397,293.05541648548285,5621.764340907516,0.8067978049092251
1611,51.54115138426726,4748.174185044066,150.70164830822876,2533.112964857412,0.6319404330621801
1610,241.62228299768142,9155.758559094336,326.13547554692667,3950.1622782357545,0.391005377165961
1609,22.173159825278198,3957.59314752319,297.46962113517253,4512.979837025702,0.8174398661190243
1608,295.0697509088762,48606.212260092296,17.979948484333885,6656.388091397103,0.2313366821551026
1607,28.457114823972034,4136.264432908599,-72.84523708043335,4853.592457433887,0.36683362303534006
1606,-119.60772637053708,12728.217087383322,51.541151384267266,4743.865546306475,0.7062249820498377
1618,-132.15460141646057,5283.20037959936,-119.60772637053708,12728.217087383322,0.5159355037299602
1630,-57.562794253805464,6607.7538819229085,51.541151384267266,4743.865546306475,0.6408114520504926
1634,-38.29202573691387,3904.6644803348636,22.173159825278198,3957.59314752319,0.41871539534278507
1636,22.173159825278198,3957.59314752319,150.70164830822876,2533.112964857412,0.6692980789783702
1637,22.173159825278198,3957.59314752319,-57.562794253805464,6607.7538819229085,0.6046566479356681
1638,-72.84523708043334,4842.28772187451,34.30074963447902,9493.65835631085,0.36404704299270574
1639,-29.37468918854599,6392.856809457517,-38.29202573691387,3904.6644803348636,0.5118881626319748
1640,326.13547554692667,3995.8349088402,297.46962113517253,4512.979837025702,0.46138318804555245
1641,-29.37468918854599,6392.856809457517,148.16797221311717,5420.922617175163,0.2805243862355368
1642,-0.9175193514116163,4465.072363492011,-26.20091210461008,8960.695839122096,0.5329892311793746
1635,28.457114823972034,4136.264432908599,150.70164830822876,2533.112964857412,0.6614136968017075
1633,150.70164830822876,2533.112964857412,491.58653833930407,8247.59495797411,0.8626999731091517
1544,322.63119070890457,5452.734800350256,-23.584649919398274,26922.10349444672,0.8414013085212975
1543,-204.61968157624932,13407.727377089983,-135.4261858453165,45344.908598487535,0.5723257195415563
1542,34.56041782616729,4993.241299933338,354.7053458941166,21740.560879153672,0.8293411055973283
1541,310.9839225553584,4192.757620347966,101.9366388445589,5894.22811661165,0.24546647864893756
1540,190.9535415221939,10942.779468992117,433.561724221463,7146.226332915152,0.7764433887226754
1537,57.45609507597079,4453.698436242327,47.065668390634315,6403.088249489633,0.4862002319097928
1538,-74.86438981892509,19345.410984833277,300.3573424078267,5664.787578536589,0.8676863247412617
1545,71.718680554757,17110.481877801783,9.486776054839078,3921.902957553637,0.5771382259422377
1536,-180.19401921256753,19366.50029791925,13.979339226131142,56010.62719758325,0.3150642049449014
1535,274.67419330127115,9348.802805722438,51.07047216762633,7076.29062635004,0.23923805367985929
1534,24.551143645560753,4270.240432098302,-178.35298052235024,41156.75327472945,0.2873697959708744
1533,-114.92172280184406,10694.978140025029,-35.1436776901557,4561.415301465448,0.3982755181248136
1539,138.089302545536,7858.888792281814,531.1276937140638,44995.115444477204,0.8514444550036087
1546,238.1754902545847,14134.7192717328,-7.235160798474699,3298.1477247028124,0.7797824660885847
1550,150.25527817452812,2280.390918190844,31.033250512599576,16660.762002128766,0.6466172044356711
1548,-175.6553688040226,47074.226203887294,183.63347072402382,5586.515355475093,0.8305500707987724
1549,49.093972356338135,31874.600164199495,-98.22463126710221,19870.753938256104,0.34530085696989277
1551,-7.144617759611794,5762.265130169675,-2.7158791193746117,18700.49466995559,0.49457415949255285
1552,-49.51428625903979,5467.059245464974,-43.815528195920386,3674.279722620381,0.49234235986174574
1547,183.39147647445208,41019.81456149827,33.76358217842255,6175.83694778481,0.3402761796634346
1652,-6.682594343315094,3389.6911704855543,41.497538424255175,7513.666742669734,0.4363407175207184
1650,-47.97468354828861,4579.700181089413,-9.107578223266612,7874.004621859754,0.44906754251380143
1649,-147.98132473641405,5126.002701083251,-90.04217418375138,19077.41574847134,0.5706588375782851
1648,-9.10757822326661,7549.8192157148005,67.50111669010936,6200.750609920862,0.5986727447970341
1647,11.128287370341987,5608.889826711821,156.1792917146774,2392.734906695957,0.6873584929918068
1646,-147.98132473641405,5082.986558166437,-33.00080709635615,5333.765864158682,0.6488322286237376
1645,-349.8108033672267,35092.2192366475,156.17929171467742,2377.3506975195755,0.9196100211402269
1644,67.50111669010937,5932.940419591186,308.248323218182,3811.1825157952308,0.7855274103772897
1643,-349.8108033672267,33324.89813765463,-146.64496058858848,9745.09503773374,0.7147582448974962
1653,-349.8108033672267,33324.89813765463,294.58691806330637,4195.741740682307,0.9596476024722883
1651,-47.974683548288624,4436.873295411848,67.50111669010937,5932.940419591186,0.3505200212326374
1662,156.17929171467742,2377.3506975195755,325.98375482014364,5510.995241322851,0.2841970809972867
1657,-9.10757822326661,7549.8192157148005,-6.682594343315103,3322.1231962443603,0.49677891576170385
1654,-6.682594343315103,3322.1231962443603,308.248323218182,3903.1545018637794,0.8496205572328277
1674,-349.8108033672267,33324.89813765463,3.147930906358871,3972.647631164403,0.8408476649899179
1673,304.3538262693411,5742.774723396599,156.17929171467742,2377.3506975195755,0.30912721007590593
1672,3.1479309063588867,3943.593760553968,325.98375482014364,5340.40400098034,0.8524476896176327
1671,308.248323218182,3903.1545018637794,325.98375482014364,5340.40400098034,0.47620005896250156
1670,3.1479309063588867,3943.593760553968,236.21348234047582,8862.947885636517,0.7742925484687577
1669,-9.10757822326661,7549.8192157148005,156.17929171467742,2377.3506975195755,0.7082677529968658
1668,-542.7647257113481,28504.550779760037,-33.00080709635614,5152.446995198949,0.9239726284043333
1667,-147.98132473641405,5082.986558166437,3.1479309063588867,3943.593760553968,0.6932521487270892
1666,-90.0421741837514,16545.176493768926,67.50111669010937,5932.940419591186,0.3133905475895496
1665,-47.974683548288624,4436.873295411848,-6.682594343315103,3322.1231962443603,0.5558005681962859
1664,308.248323218182,3903.1545018637794,84.88753802266984,6863.584288736785,0.2322586790515211
1663,-147.98132473641405,5082.986558166437,-47.974683548288624,4436.873295411848,0.631093296865469
1661,131.08119585425985,5344.885815761692,51.15626953066884,4424.7627998163325,0.6054372739177684
1660,-349.8108033672267,33324.89813765463,84.88753802266984,6630.284436096865,0.8858829641164347
1659,308.248323218182,3903.1545018637794,214.57526673133677,18105.942876487345,0.6144571157818387
1658,67.50111669010937,5932.940419591186,156.17929171467742,2377.3506975195755,0.6177182952707465
1656,8.313589199713919,4259.533399440091,67.50111669010937,5932.940419591186,0.5783633906651959
1655,-47.974683548288624,4436.873295411848,308.248323218182,3903.1545018637794,0.12456948414501198
1678,-21.813590281313488,5183.583000048478,285.6495720070316,5385.748115759678,0.8397166669826084
1680,41.48608042631436,4319.732191081984,185.54662240050308,2256.0207937951914,0.3121533292945916
1698,-45.97996269932246,3717.405527809753,141.8831851359997,5307.66762342405,0.7340089175992557
1697,-426.63325781549463,33528.24516380896,-181.0667670605452,4779.381257134843,0.7574039985707055
1696,-21.813590281313477,5241.891820330018,298.9176625631563,3470.5877072073454,0.8517307671106871
1695,0.8016947483598912,14285.03987981839,185.54662240050308,2390.1055213922064,0.7215142648107331
1694,0.801694748359902,13243.096056481649,0.17080597516724672,3105.4823071882215,0.499190488610868
1693,-5.139435917260218,3899.0904826023566,124.96378360182274,4158.817008871827,0.33048012150962086
1692,-3.454735109870661,4178.400339696562,-21.813590281313477,5241.891820330018,0.5246057525979769
1691,-5.139435917260221,3957.108012665313,185.54662240050308,2390.1055213922064,0.25942608509946974
1690,45.28041957292182,4890.641609787587,499.0075515825326,8410.035618716163,0.9193158652288687
1689,-3.4547351098706676,4201.68483380193,-5.139435917260221,3957.108012665313,0.49772068746866316
1688,45.28041957292183,5011.21462651537,-21.813590281313477,5241.891820330018,0.5886008810512646
1687,-181.0667670605452,4828.822344132651,-5.139435917260221,3957.108012665313,0.7214330269916803
1686,185.54662240050308,2390.1055213922064,294.42426059285236,4924.170925074578,0.35582821977314527
1685,55.75682782838327,6336.803092430362,0.17080597516726448,3193.3522074900593,0.4260144554427311
1684,0.801694748359902,13243.096056481649,-21.813590281313477,5241.891820330018,0.5286237300981382
1682,45.28041957292183,5011.21462651537,6.9799668256245875,15526.35823933083,0.5478211992519897
1681,55.051487578597985,7353.373461427911,185.54662240050308,2390.1055213922064,0.3317682009894726
1679,134.74223339922975,7974.134356245589,-21.813590281313477,5241.891820330018,0.694755948750049
1677,-5.139435917260221,3957.108012665313,-21.813590281313477,5241.891820330018,0.5223843960700875
1683,-46.56947149868467,17298.912004087073,484.3586987727746,7697.044969280793,0.9377164653706175
1675,-31.581970524182925,6562.269481161592,117.15380146703023,6546.7175084802775,0.6860256642066156
1676,7.0668832716747865,3726.6592041649633,294.42426059285236,4910.034307451412,0.17304973521449826
1553,-204.14291789621734,44282.918189450764,113.33030444375238,15805.325900549751,0.7953303485943808
1555,291.7681841761972,5438.022207698309,51.19999972927402,25941.60641407715,0.7597922207402505
1556,85.27612914986412,7390.2629057802715,19.505323362064612,3099.1681779592413,0.5867537294290183
1557,26.308214998929074,3782.929521752021,265.2000325512426,16831.422827188868,0.7700417140171177
1558,556.1540942981051,42856.286496366134,140.32383656816035,8169.9095123948455,0.1338838914421231
1559,-33.94781486369994,8586.292365019586,113.82619639885509,4310.399471098805,0.6851507780730077
1560,254.2757001462191,4708.634165442173,65.91927726741142,7511.384600847507,0.7305162873468168
1561,173.90961215692388,10959.68129364912,-45.064441382618405,25020.083337395678,0.7356504523894796
1562,152.03691767127881,5303.481305793416,127.62591464038856,6465.199489740532,0.5321934222695143
1554,-120.84273231561161,16764.89903790696,-555.1488459170313,28488.030882442847,0.8810057703373472
1564,-151.75703920750433,9717.04498252344,37.512013851214995,6193.522452635279,0.7271008124674396
1563,212.9936075679846,8724.99865508196,170.51382281322586,2217.725221474188,0.5561766773495936
1571,145.95724789667773,7823.349155129803,378.6247635601914,21188.18940991306,0.755089106793266
1570,-70.8931807542487,9621.916339507668,-17.995142244192746,10969.088320484225,0.4341376905197218
1569,-54.80595448540478,26071.88001685747,-143.2456971635764,40457.43246859718,0.5895824683397121
1572,40.07466936556855,5035.247379210924,7.701735634781978,13946.967652117053,0.4591868000932311
1568,438.86564811163515,7287.078192931858,500.842107023772,8644.769574616708,0.5791097085339075
1567,154.71725635799888,10676.008336979025,484.7234490185565,8164.416773606361,0.8454668619540899
1566,20.563070177479716,20740.74126090796,-3.3550992358926304,4073.1257413429335,0.47078079684284335
2701,-55.48455224563783,17087.921959874922,-222.9177290209111,13077.820009986757,0.6902733405107702
1956,-206.80091597701306,34647.49889153349,-40.50158994633523,8980.015626650169,0.3212780835676046
1962,187.41480263535001,10643.28341452464,56.500400299064424,7834.037265232507,0.6605156000199975
1961,11.009741164490931,4084.312947629534,121.44235091392133,4346.629717583295,0.6450656545736303
1960,246.15234246618502,13042.16269059178,165.8067294793483,5247.505426600413,0.6006404395498972
1959,-77.06694956597758,22709.692181849634,305.4651741954133,3602.0071488072113,0.8706430212765089
1958,-15.145245667425073,22192.83122711626,-33.37496346755602,15790.043560433474,0.5208774510545312
1957,-238.38420834595334,41782.372345683485,53.50969229853849,13379.919949133639,0.7803349107402333
1955,-56.85680589692834,17304.97749478371,-68.75701895428368,32837.11784982407,0.5129380862566411
1950,22.616968716167218,3872.5163343164004,105.56724890129217,7103.506954324062,0.6084678293764165
1953,-81.05368744712052,4562.4847706253395,298.75414810521374,5469.300488218895,0.8871355085292474
1952,127.8243036542699,29646.15078501892,-52.229915921158366,10349.317265320578,0.6950044517554421
1951,126.85275301275115,15417.554835374362,112.1997839872341,6277.031205312847,0.4817802333191279
1949,61.595212143668924,4350.3694988597845,480.1967180817057,7073.528458430961,0.905596503375151
1948,47.828201088240064,6113.646011810715,-48.89028449505423,3834.2448155745215,0.6266173030048774
1947,135.65058616206468,7524.767484700977,-23.407067578192393,14238.321649109615,0.6889115689692085
1946,26.74117664497065,5180.961823822042,239.1551793887376,9408.823130357889,0.7521395749205894
1954,-71.12144662579706,25692.07561933744,-122.62741964405167,16618.966134883238,0.5576621494105275
1945,250.3034245025191,8440.834643996955,189.2213810443037,6496.200432959575,0.4215470680188663
1944,386.7800343399796,26104.22870976177,292.3969319969046,4203.003391831519,0.38945198009651794
1705,0.0,60235.272498719016,209.8529608833777,6846.468197913661,0.7036093674956385
1703,18.394812362241968,5380.533226037196,306.5384164042991,4714.1921879415795,0.8255786423082323
1704,154.71834207958537,5369.204810212031,0.0,60235.272498719016,0.34569606849409973
1700,209.8529608833777,6626.712729901576,0.0,42665.66080526603,0.2839634582315679
1706,11.459450002921654,4105.641650966936,59.3660612849773,6203.130502149596,0.4364512601680923
1707,18.39481236224196,5301.40281629634,154.71834207958537,5224.700279910058,0.6743397005623424
1708,306.5384164042991,4664.5160699158405,0.0,42665.66080526603,0.7983738066146348
1709,11.459450002921663,4019.316050565776,209.8529608833777,6626.712729901576,0.7429515882062911
1702,11.459450002921663,4019.316050565776,154.71834207958537,5224.700279910058,0.6838610087046363
1710,0.0,44501.68534979285,59.3660612849773,5949.486872430469,0.5641707641526572
1699,59.3660612849773,5949.486872430469,306.5384164042991,4664.5160699158405,0.7901946184300013
1701,18.39481236224196,5301.40281629634,0.0,44501.68534979285,0.5200212959755454
1758,0.0,60235.272498719016,42.95896959261095,7836.6347700466895,0.5435838990013554
1757,121.03014179985054,7070.291747345328,325.07240410453926,4450.707516950725,0.747611922415125
1756,-568.6792605211542,27767.906289383915,-199.39125038920523,38469.18537618434,0.8255929122451363
1754,175.93217267913678,9577.519483193846,170.23629934213133,27004.877354323537,0.5065684195571374
1753,83.52795937051572,9439.923468954741,-73.1327261456405,8889.063053881513,0.6895967883474161
1752,235.8264605818898,16330.338461179397,127.47069390702892,6290.95964990857,0.631264149021464
1751,-19.858439954432306,15289.93800398771,149.1653254882526,11131.336932713239,0.69521543916846
1719,308.6476184741239,4067.6726557350166,262.5310115477614,4776.698394038931,0.4382011451346093
1711,165.6851333693032,2335.716904494179,-45.30948741769377,13747.685426776019,0.25108098016960323
1712,-85.00873680478468,5014.908681622466,419.32903958673404,6995.655876396876,0.9389237555377672
1713,129.62921364267896,4563.199701772956,205.31249160115175,10223.137117956936,0.5968996477175781
1714,524.7053510061254,8428.924244219073,83.5279593705157,14738.249431929506,0.9045321239068203
1715,3.520771966853138,4298.746019653345,121.03014179985054,6920.082182064556,0.6511716355343069
1716,72.44091769888283,46920.748748680184,484.75655755039867,7950.913250548549,0.8608670666924961
1718,205.0232619846574,6171.361487138546,-33.26023472249454,18630.014998113944,0.7647200236763629
1717,0.0,60235.272498719016,301.7784306765462,5748.351229487472,0.7790762684580909
1750,49.46885647036964,3533.254340313978,-85.00873680478468,5120.831548718706,0.32587147050948007
1749,368.06096637826386,10852.891802170216,0.0,60235.272498719016,0.8209945723771107
1755,-70.73820669303639,10229.86150368114,0.0,60235.272498719016,0.5709257707529292
1747,58.91572144313651,4813.000692687386,495.7015453615009,8120.450402509061,0.9124225122021651
1720,280.53214921157553,16459.155934001872,-39.64322418556723,8665.871868425402,0.8311754279413601
1721,-142.3600094065492,15079.515882961485,58.915721443136526,4906.313039237183,0.7347487528941511
1722,230.61417599755626,11971.237099268643,0.0,60235.272498719016,0.7181190895335564
1723,160.53001626404298,4853.030024639245,495.7015453615009,8450.852924056482,0.8557530168634168
1724,40.769591738857386,5601.78959376284,0.0,60235.272498719016,0.45830418256358885
1725,368.06096637826386,12251.81975942624,-32.8340054800668,6533.749459710449,0.8889050676622645
1726,-19.858439954432313,14006.337592122425,49.46885647036964,4061.098428698397,0.41277283938623727
1727,149.1653254882526,10798.693917942586,64.23718989742135,4693.384085866057,0.6079558740004566
1748,40.76959173885738,5446.983465913883,160.53001626404298,4863.833610430173,0.6547476320707497
1729,12.355607673887588,3191.2061096733614,-73.13272614564052,8512.920409702534,0.6111732842642644
1730,175.93217267913678,10623.213254050315,0.0,40730.463488547386,0.6828218245560027
1731,0.0,50567.94870243235,-70.73820669303639,9585.557360289042,0.5735405143821072
1732,127.47069390702889,6141.84721876754,-568.6792605211542,25930.13081010643,0.9713624176982373
1733,-199.39125038920523,34344.43294236618,325.07240410453926,4429.591622778836,0.9254725817005641
1728,42.95896959261096,7496.186574165645,235.8264605818898,23619.862271843915,0.7151554912857156
1735,484.75655755039867,7932.780224100473,280.53214921157553,15896.07170960554,0.7335266694955095
1736,301.7784306765462,5754.091613637029,419.32903958673404,7403.177961482633,0.6494788326726497
1737,205.31249160115175,9584.124339896916,0.0,40366.931828939705,0.7113776299436058
1738,205.0232619846574,6066.614338161614,524.7053510061254,8750.842981624508,0.8431216880279588
1739,64.23718989742133,5128.501254327538,3.5207719668531565,4306.261395823829,0.5807574040469082
1740,72.44091769888284,44232.050780344245,129.62921364267896,4543.256205600354,0.5622568826777122
1741,-32.83400548006681,7044.075641671462,0.0,48033.26442679361,0.4650355220493059
1742,-33.260234722494545,17344.413392150116,0.0,45267.9279189876,0.5344329923834688
1743,-45.309487417693774,12847.489001915526,262.5310115477614,5058.53898553546,0.830636782404915
1744,-39.64322418556721,8846.129134849629,308.6476184741239,4077.1281705715783,0.8648302474485362
1745,-142.3600094065492,13943.007525199282,165.6851333693032,2789.1956249611903,0.8322400096470308
1734,170.2362993421313,22152.84761702773,0.0,40387.04934188312,0.6705272953017988
1746,230.61417599755626,20365.605868759314,12.35560767388758,3587.449997521765,0.7469974756009481
1798,2.876927669650939,12444.514746940284,-175.67300867156723,13707.98991216811,0.7053453100623246
1795,340.400437006737,4453.405423060316,548.025764814284,8605.571210876236,0.7492791622074209
1799,64.4284381676646,4953.923888492961,398.32298298336605,11901.148717983173,0.8505288311649196
1797,503.56125824180464,7772.8476354469085,305.78757325397066,4024.38839904256,0.7408495303831518
1800,288.8990522368057,5011.758937522378,316.50271707730013,22297.87870508041,0.46672875806644426
1806,42.30535354922666,34844.94139458553,15.463798738197179,3539.9372403596035,0.5306657108545761
1802,160.46094378391243,2761.7718105425715,289.4901941795406,18752.470240582614,0.34417087155036047
1803,264.9381507461037,14513.971408425312,20.03381540347934,5271.8071159144265,0.7764736773365909
1804,-147.06105441742122,42633.384037141856,-590.0412587996288,26600.771855048104,0.8660191229551512
1805,448.314887814949,7129.514824474056,24.61997193548665,33629.107496089084,0.8794634953497104
1794,104.94732457170788,14522.878600280428,1.558578934001843,11695.001680635809,0.6231879734575828
1801,-71.00634567726469,4872.386496344055,-19.925383950022123,4189.6492967565055,0.4317238108481126
1793,64.63618863831228,32851.062181762856,18.934544368992317,3934.970723158122,0.5524860941033293
1796,51.93064132591987,7407.9440202075,-57.0765853143459,8695.099000873704,0.6367985582115767
1791,124.10487687377228,6178.924936581449,222.4243810739747,10174.481856375593,0.6237478924636274
1764,-19.925383950022127,4074.8385123526614,-147.06105441742122,38908.456996408066,0.6392064162816125
1765,-57.076585314345884,8181.287750481516,-590.0412587996288,25114.96418900459,0.9323982526578303
1766,-111.69362044720762,9334.87549421962,-148.19704264297195,40866.33383574435,0.5396138987804373
1767,340.400437006737,4362.297633334947,289.4901941795406,16521.416224182256,0.5633082234582264
1768,24.619971935486653,31062.689679044917,2.87692766965094,11539.397509085195,0.5243881872629668
1769,67.68141863581917,4802.499646695511,51.930641325919865,7037.855182458136,0.5207782374412822
1763,-24.231834517596482,33034.197025342226,-175.67300867156723,12613.297473961873,0.33748179454730276
1770,448.314887814949,7029.837978167655,253.41422098186104,9120.97137295071,0.2673625175671688
1772,-22.835437051582097,6675.082405347096,104.94732457170788,13095.253984013247,0.6558325820643368
1773,136.89657429319217,19827.876333542627,212.917388404284,6018.141984783178,0.5915244611562787
1774,15.46379873819718,3462.8682544372487,126.97841911558612,6626.92291104815,0.6448834975884339
1775,-192.53099992762384,32262.65759077866,305.78757325397066,3951.4328942807365,0.9176152499485297
1776,548.025764814284,8209.478459961261,222.4243810739747,9457.87340379468,0.8438019793434417
1792,-192.53099992762384,30590.852560373325,-111.69362044720762,8690.694522594273,0.40881609806771546
1771,316.50271707730013,18845.747166823305,398.32298298336605,11419.16815117521,0.40379752275193165
1762,288.8990522368057,4835.457757938155,503.56125824180464,7442.558596383138,0.24273024138389046
1777,-71.0063456772647,4709.619596063623,64.42843816766461,4888.31899587194,0.674262118236912
1760,517.9389248066577,8306.039060750378,195.1775257376403,10085.356629403412,0.8409178941956305
1790,-148.19704264297195,30598.2254851391,-24.231834517596482,26901.962031214007,0.6284732125963145
1761,123.32419675236888,4447.458451840866,160.46094378391243,2731.4171015670163,0.5504269612033863
1788,-111.5894712951796,8320.349018177352,-92.34717610982182,15942.021033528668,0.4764148499072303
1787,54.619888347260364,37911.18828610481,136.89657429319217,17151.600297819503,0.5869815947960134
1786,517.9389248066577,8068.791133624433,253.41422098186104,8657.155042636481,0.7974463049778168
1785,67.68141863581917,4641.5144521767825,212.917388404284,5766.683577688587,0.6848871020860378
1784,195.1775257376403,9726.705346558514,299.08011950000326,5613.2802339659565,0.3687517514030083
1789,123.32419675236889,4313.801536314612,-22.83543705158209,6388.042565708398,0.3143624982140396
1782,-92.34717610982182,14100.179291398166,20.03381540347933,5153.221769296102,0.6383811046013512
1781,1.5585789340018523,10758.562683455275,264.9381507461037,13506.023736926445,0.2125676654914988
1780,-111.58947129517964,7805.230336541829,18.934544368992317,3835.7858667609157,0.6663594962537476
1779,64.63618863831228,25911.48941598408,299.08011950000326,5406.061723367339,0.754344090105801
1778,42.305353549226666,27066.456945636688,171.10441398834513,4740.013955689931,0.6479512092931272
1759,124.10487687377228,5921.501059544305,54.619888347260364,29214.426100882858,0.5800697544546496
1783,171.10441398834513,4605.354128377816,126.97841911558612,6335.057614288063,0.5583363366127608
1844,99.76184070411013,22915.068030490165,-27.59482616823748,3984.251862320497,0.3501809703123355
1845,181.8282946637315,2683.9018009018596,126.9784243414514,6061.273445354165,0.5734039797595082
1846,94.9188471865936,4188.485507698129,2.0187689767820025,3365.650919581404,0.3762735976289089
1847,79.59138445106571,25222.5547078408,163.0011363161246,12216.75365051424,0.5947996252681023
1848,49.82991497900471,6883.283475775236,541.8442537029118,7853.026828919499,0.9326178878117414
1852,19.24620576283268,3734.4734977085354,-76.46821601781934,8110.996850421918,0.3761261253597129
1850,40.19156459687668,9965.973746172278,291.55112502779394,5187.455660067101,0.78796726007469
1851,-150.78692863980373,11222.251742569973,214.82681630953857,11623.000291559203,0.8641926745035932
1853,121.8987741413052,16160.580879345063,350.25466780870534,4238.433655655753,0.7605382095781998
1854,-126.87499385508087,8324.710902669854,-193.51854264299047,33607.90583985851,0.5745373955439478
1843,487.9331270256814,7005.773576720283,328.91417037917574,16454.175837307477,0.3126990228562554
1849,0.3715103304201707,10624.566541455977,28.57982540821873,4967.3772367727815,0.5363030634462166
1842,228.62351111350435,9082.914106934417,434.58413016013543,6539.794323862781,0.25553280411946894
1817,-62.25756196066846,4542.065379821303,79.5913844510657,21067.954303211813,0.6668109212642445
1839,242.13399743437233,9170.895757712933,202.55727244489046,13990.100195969744,0.5486934039349505
1841,-162.39573680474294,13716.55781471674,309.88160325432744,3917.5642923685527,0.9228579663387219
1826,49.829914979004705,6824.679436701456,309.88160325432744,3912.3807465784853,0.19857851818868108
1825,129.05667927639928,5727.671006235859,-8.151996365326347,6117.830286966184,0.674021970096538
1824,330.23270586437275,4748.335796852973,541.8442537029118,7769.488104307865,0.24605753406542952
1823,-126.87499385508087,7825.67532593091,40.191564596876695,9502.727286836838,0.7019731227632221
1822,-301.7442458507284,37271.40514765878,94.9188471865936,4080.2105640917493,0.863959685058806
1821,39.82562101254287,22677.543293097777,80.55018558735797,4498.280881202125,0.5490441030278732
1820,202.55727244489046,12568.7518926046,99.76184070411013,19650.731729979947,0.6189919645326257
1819,328.91417037917574,14818.979958429307,-117.40487951615651,21445.218567199518,0.8949178725969961
1818,228.62351111350435,8637.954058494719,375.47363621497954,10326.48695102649,0.32188510874904275
1815,350.25466780870534,4164.6460647512295,196.72002656274117,4490.20127352646,0.30354615058779366
1814,-76.46821601781933,7655.227204176304,-27.594826168237468,3895.2954946443606,0.5642954724828223
1813,-104.74918176911457,7420.266280446297,-61.69156593700334,25671.395178606504,0.5503340460657576
1812,19.24620576283268,3653.450889209618,2.0187689767819945,3303.810359183227,0.47651082103274445
1811,-193.51854264299047,26488.200090304264,-150.78692863980373,10851.542272798746,0.5489703600580597
1816,291.55112502779394,5076.380284598767,214.82681630953857,11224.120930393387,0.5973225828510469
1809,434.58413016013543,6317.070392196281,163.00113631612456,11167.53197067218,0.8024636556210009
1838,-104.74918176911454,7017.300551932502,-97.48617366583878,23156.1376886191,0.49136190006747493
1837,-61.69156593700334,21228.098711924762,-8.151996365326344,5884.42599040184,0.5643638442287711
1810,573.7950197102285,8111.66543204218,181.8282946637315,2650.638767697671,0.8929145604085009
1835,-62.25756196066846,4424.0822831612595,-117.40487951615651,20492.17992765386,0.4329617061725758
1834,330.23270586437275,4643.223348487543,573.7950197102285,7950.561413353185,0.784273477834194
1833,129.05667927639928,5525.442049461308,241.07707290637413,5613.646167603812,0.6445657502431588
1832,284.4880182564386,8263.525762750436,196.72002656274117,4378.990677261308,0.6133812910036652
1836,-301.7442458507284,33752.709395781116,-604.1874283320947,25495.355708283125,0.7849478887183142
1830,28.579825408218742,4794.5910936955115,-97.4861736658388,19435.494241229848,0.650355748351945
1808,241.07707290637413,5409.497610842614,284.4880182564386,7784.577982799725,0.5565757120240731
1831,80.55018558735797,4361.4216961855,375.47363621497954,9652.340962454668,0.8257051681973335
1827,0.3715103304201759,9788.229784969833,126.97842434145143,5799.844380943687,0.6580558122050931
1829,242.13399743437233,8550.301030110631,487.9331270256814,6710.047522842727,0.7828513591218192
1828,-162.39573680474297,13381.72688500512,-604.1874283320947,23028.96213506509,0.8925931300851158
1963,265.1374350986257,9324.456772256292,35.976225096264876,22874.13719057631,0.7486520268360584
1964,76.58163301178637,4768.20035704534,420.42110971941497,20962.88725637719,0.846969319824089
1965,349.988696272388,4525.840337051105,343.164049166416,4013.041707033047,0.5092082097213176
1966,132.76439113686175,5363.737932129791,50.29521798419403,8956.412112295659,0.39434759300597255
1972,-66.18401690649262,7153.459804022581,-124.8423786795682,7554.140035870103,0.4245101813176707
1967,-45.5565810893732,4257.480585272427,476.2343084117849,6358.137178193536,0.9453170556831226
1968,24.136737476267687,3199.0009433994687,22.223925692467535,4997.803234065827,0.5025872471737886
1969,-109.23411041100543,25469.392040700473,128.63334242691533,5568.347887826423,0.7577193539853881
1970,-67.26953267881716,22761.755966408295,191.41997843496907,2643.885259910101,0.782117242748302
1971,0.0,60235.272498719016,84.29740797962809,4046.216368965691,0.5861301804390827
1973,309.7157549951402,4998.101029717378,-1.8860830532692545,18363.589103068174,0.8269236110357577
1981,86.38878047348028,6556.344645446602,522.6329724268105,7015.736125841363,0.9115540716861066
1975,-104.56774558863926,6681.640987735483,-166.5079353202921,9635.196258578846,0.5788834086224852
1976,58.918023542913396,13009.80338584452,91.13456726047171,4279.150146268564,0.4589788374346392
1977,-41.11305473095672,9528.825062027707,-80.88753557144742,4359.397658430215,0.4483555375513738
1978,13.400543861075004,3880.609063328572,22.715918939963448,5530.87632418673,0.48750709812941495
1979,-271.7863694195716,39516.840768634924,299.0450568094404,3792.9640840667785,0.9376625081905019
1980,35.189286350215966,18836.990245579553,-28.544711574137246,21523.018711399705,0.42818625738876337
1982,-5.811875699779846,3547.7246771856976,-10.052156501420837,3799.777175625304,0.4942306355528794
1974,-164.10767436231154,12996.671109856998,-59.76011454387295,14383.913159875938,0.6235700175161707
1863,-46.009807552837266,4751.314004207626,197.16125002512962,2931.2727148678364,0.20937557870468107
1862,2.761527655365997,3998.523797816153,77.47329064850926,5012.871137711606,0.5992287133009918
1861,-89.25615333994459,21782.32344092118,137.52202014979093,5736.511041506142,0.7512197292798535
1857,-140.57994118738964,23405.49308159267,197.16125002512962,2910.7347941974162,0.8421912077108736
1859,35.156633551961235,3419.4571272190933,197.49881743357219,16198.115972246856,0.30546927679657315
1858,-46.00980755283726,4658.561337229876,35.15663355196122,3366.2756857830614,0.6082639947202753
1864,27.496962777483063,4187.590327331118,77.47329064850928,4843.967819334714,0.433169720849178
1856,77.47329064850928,4843.967819334714,197.16125002512962,2910.7347941974162,0.6571563798103492
1860,197.16125002512962,2910.7347941974162,333.04989229956306,4167.915764227222,0.3224587663560179
1865,197.16125002512962,2910.7347941974162,37.77066864941412,7272.759214947397,0.7013452018711985
1869,-23.58383458193809,13685.410669623694,197.16125002512962,2910.7347941974162,0.7578103275525314
1867,115.9729392572433,5434.025872398146,197.16125002512962,2910.7347941974162,0.6080616542488482
1868,91.46069750981574,4268.2963030655,-46.00980755283726,4658.561337229876,0.6773921336264077
1870,-23.583834581938085,26006.30018904371,35.15663355196122,3366.2756857830614,0.43025551969972614
1871,35.15663355196122,3366.2756857830614,77.47329064850928,4843.967819334714,0.44300381209015705
1872,-23.583834581938085,26006.30018904371,84.42046324900542,6811.800141639286,0.624455502373427
1873,77.47329064850928,4843.967819334714,316.8000195968993,5214.86621134467,0.21621292089811606
1874,2.7615276553660015,3898.876465866355,197.16125002512962,2910.7347941974162,0.7438708164972383
1875,27.496962777483066,4072.790286830722,-12.810902115790242,3756.3039328468503,0.44554576102888876
1876,-477.96852645383774,33787.91711781427,35.15663355196122,3366.2756857830614,0.9225449464158948
1866,77.47329064850928,4843.967819334714,0.0,60235.272498719016,0.4209606442821525
1855,35.15663355196122,3366.2756857830614,197.16125002512962,2910.7347941974162,0.29094740175352474
1907,298.3394731856204,4118.936269565061,78.7485643681882,4437.494620078409,0.7670644203333686
1879,-189.39077332239765,9817.899789035393,206.60760406286127,2544.9292095669907,0.8932647542843724
1886,298.3394731856204,4214.732001373163,362.8516080491436,4661.656745085701,0.5860336155433895
1887,162.80600785526528,7476.287460746451,314.8967539787533,4030.9263253607223,0.3084322699367941
1888,27.67355689223508,3936.690602841488,-0.9293872260262597,3665.773031967031,0.46122494897522015
1889,-15.006342231535198,18572.225025481563,67.01241457963587,3020.5275138535535,0.6008187901257649
1890,-39.79889388221578,4355.9423212462425,67.01241457963587,3117.112842293055,0.6414318718216643
1891,67.01241457963587,3117.112842293055,206.60760406286127,2699.1986443252026,0.3165736925851118
1892,143.75876081772492,5586.266085446036,78.7485643681882,4517.564968106359,0.41401505750651413
1908,133.38344547183792,15431.476776169975,362.8516080491436,4678.81411422448,0.23808372052649834
1877,6.849223461282943,6417.753671102017,67.01241457963587,3117.112842293055,0.579980442813602
1906,-11.462241882637027,3811.2237882693958,206.60760406286127,2699.1986443252026,0.23157178059242017
1905,-15.006342231535207,16336.255351657912,208.5537056575592,4239.690507483611,0.755808520024888
1904,-155.33448409138592,22206.79338935254,206.60760406286127,2699.1986443252026,0.8596365642394372
1903,-96.58669291405461,7270.154840087055,12.74996448156476,5253.626604231591,0.359903074529543
1902,-39.79889388221577,4380.472938286198,206.60760406286127,2699.1986443252026,0.2055734636275067
1901,-0.9293872260262689,3722.651845686032,-11.462241882637025,3896.8674270183683,0.5143005812926351
1900,206.60760406286127,2699.1986443252026,194.73849029884,8072.332634087042,0.48422860464440487
1899,206.60760406286127,2699.1986443252026,141.50109976383166,45484.117372286884,0.4290461236779609
1898,162.80600785526528,7761.279448255747,298.3394731856204,4214.732001373163,0.6719283952602191
1897,-191.30867127422826,4739.607338613618,-11.462241882637025,3896.8674270183683,0.7258947438399774
1896,100.51060523670584,4176.670579298222,-15.006342231535207,16336.255351657912,0.6410935699783262
1895,-155.33448409138592,20844.298198871864,-0.9293872260262689,3722.651845686032,0.6813428474751877
1885,27.67355689223508,3976.6108506067376,362.8516080491436,4678.81411422448,0.861654441522612
1884,103.21321150322566,5242.411998503753,206.60760406286127,2699.1986443252026,0.36328904717636595
1883,100.51060523670584,4214.7523149984845,206.60760406286127,2699.1986443252026,0.3589471134477393
1882,-96.58669291405462,7071.4233624848075,206.60760406286127,2699.1986443252026,0.16239636939211027
1894,6.8492234612829614,6282.097408790857,208.5537056575592,4639.7479811938665,0.7459983151098585
1878,6.8492234612829614,6282.097408790857,206.60760406286127,2699.1986443252026,0.7465332274477015
1893,60.98204327602036,4116.78675247645,589.3655883243431,7774.159141574508,0.9463137665988047
1881,78.7485643681882,4517.564968106359,206.60760406286127,2699.1986443252026,0.6676997771431308
1880,-113.64292951804559,20380.154493025784,206.60760406286127,2699.1986443252026,0.8335748360019944
1983,-27.309538217483727,5904.388678448537,-205.84108563660996,19729.144253660616,0.7058174255936538
2000,-11.739687740252377,18774.371377564377,-71.43409622887111,9346.725242531718,0.5713101016907554
1999,-35.2341228033142,13444.946158393072,120.04627708202243,4111.672892560808,0.6888377617860479
1998,-83.95371703513071,46160.559804931225,25.411821956437866,3538.628801350854,0.6172387117598008
1997,102.74124009815117,14442.72658320306,-65.43550079139415,4451.257717620945,0.29844590505207724
1996,206.82450764195087,9978.306040209254,-32.47896921026845,4235.6262742836925,0.2217323701636872
1995,-158.09898669539706,10109.946875594436,-19.16959424491056,16838.823102941085,0.662549814995162
1994,49.60530655774671,4672.5109139368715,290.9297294885379,4976.243908963528,0.7861890819431996
1993,-283.6981618053732,40009.17716875297,91.93299411584296,2926.1288929554216,0.8498670779340789
1990,287.75454189991524,13248.123188513146,95.31460262143415,12457.370715419569,0.7198936845733938
1989,299.86641576502234,3949.5176460701027,75.22894424991215,4204.832070482556,0.7725306927418922
1988,28.32075984825967,19001.60941933241,-83.84230874611035,6667.025852443124,0.6335760505955929
1987,421.52448025760884,5944.767972935323,90.17627824716304,6480.501186998263,0.8542667893958797
1986,240.67874767874815,5168.067951810339,352.31877337863557,4471.92779698659,0.6454459336975905
1985,585.7842616573085,8263.8862145846,213.82813008865867,8510.093970451599,0.8748511891854206
1984,177.41881193749484,7325.4623220228605,149.8083307380362,2166.4502143281943,0.46304801614814184
1992,232.35883496205574,8446.738664053186,80.81672112667184,8284.42898318609,0.31449922704925115
1991,116.71239049857776,5150.852040647706,522.1723518809232,7241.93134865068,0.8981194743128811
1917,-15.157989772285816,5835.835847697023,160.71463399333211,2281.1803996898507,0.7222210548933936
1918,-231.4498721424791,19057.668020514175,3.7287141829497816,3661.5398838495416,0.7642141604330919
1910,14.180919738369784,3919.919918018031,-1.9754277336529984,5234.984577320792,0.4783033906980243
1926,3.7287141829497714,3758.1263586031455,160.43183097214498,7026.995035342726,0.3023849296496004
1925,32.66982259670089,3617.9592848739826,160.71463399333211,2272.0651352160826,0.6693666658929464
1924,429.6352202828529,6491.748341776912,594.2179741496788,8271.810521967429,0.7019930439950506
1919,98.45985555969065,3047.283585901746,199.4096023487043,14048.96257679116,0.37360912750137365
1923,-198.20565549471647,9733.543551932135,-9.893452885944146,4227.6948882379775,0.27162428311715725
1922,-231.4498721424791,17288.450665115466,-87.47236301676554,15155.917227787259,0.33616672097135597
1920,160.71463399333211,2272.0651352160826,199.4096023487043,12827.184836507207,0.45012254351173925
1921,-87.47236301676554,13836.862474284233,254.07183832058647,41397.08057708851,0.8164129748259331
1916,71.36563378501943,4266.260623624013,210.9268471434244,8437.21706238688,0.3241073654653821
1915,98.45985555969065,3001.684084402069,32.282464315493655,7986.283459602039,0.5869990866244935
1914,306.47203437610005,4029.2413695664213,160.71463399333211,2272.0651352160826,0.3098242888590166
1913,-195.0260176141349,5812.549628804114,3.7287141829497714,3758.1263586031455,0.7447195122529191
1912,88.66845250169331,6676.185626556701,160.71463399333211,2272.0651352160826,0.4041873889427621
1911,-37.90565256708923,6589.224282396899,32.66982259670088,3548.756696512541,0.593169749422246
1909,-87.47236301676554,13836.862474284233,160.71463399333211,2272.0651352160826,0.7839258866837326
1929,134.52512220842894,6680.575890238758,176.2048023956499,2121.8909281459814,0.44408145568829216
1927,176.2048023956499,2254.4335840567173,120.3014205272448,11699.832185366602,0.5723243482992658
1928,-158.05744603420433,9106.972063764788,-25.580276862724723,4177.866725883836,0.3329408414214518
1930,118.33783086963288,5212.465309922532,179.69141199549907,7964.21187573561,0.5796526439061058
1931,-154.94027591033492,14062.154604026497,134.52512220842894,6490.727587125136,0.8132690119355481
1932,176.2048023956499,2254.4335840567173,604.4366742764846,8050.432673631194,0.08878714302495812
1933,176.2048023956499,2254.4335840567173,15.372258860089396,7873.735799685153,0.7030357519195776
1934,-50.281018778999254,6472.390389160494,30.79397658740833,3583.0244338024095,0.6067133009517558
1935,3.369970586089382,3976.234437934415,176.2048023956499,2254.4335840567173,0.7213075538344073
1936,109.56619814200135,2952.8759905151674,215.7502748909869,4588.623890663226,0.6405809857380653
1937,0.0,60235.272498719016,13.540448451480799,5157.00771603874,0.5138941330740068
1938,-22.295738362868594,5667.793167209963,-25.580276862724723,4220.221704515774,0.4956085020115407
1939,289.92288542508214,3896.590118957955,176.2048023956499,2254.4335840567173,0.6513651247798946
1943,124.24473811451318,5488.925312938113,225.19206270401838,4791.41947385869,0.6316361166852762
1942,225.19206270401838,4691.631910358163,300.8818695881357,5151.993493920537,0.40005221840634597
1941,-192.14123359056106,14174.904492779895,42.45313119107608,3664.8877525268567,0.769393039294563
1940,42.453131191076075,3665.192972281799,-62.05311321296581,6378.815853680555,0.6362632915723708
2018,113.62430535251774,6319.608819024826,-134.29505977138177,19398.401781738856,0.7723526323419928
2017,294.24566772651997,8101.122355368742,109.72843035909247,5214.116243033181,0.7251455635116307
2016,69.46314211578837,17630.740729707304,131.96255443339547,4199.190509584507,0.5771256488130246
2015,199.22567053878848,7614.006376321255,417.2184500107278,6138.727725979447,0.7586585616743495
2014,-86.89910340464505,6732.880949151492,-172.05406939944297,10267.609882580067,0.3927117066611612
2013,52.93186040629799,3586.6565285063107,-207.59167434088073,13881.76975474665,0.793080165134471
2012,-144.89198310099079,27392.21454815228,-52.2494575685949,2570.7150081631576,0.39125179818474337
2011,296.39243505384326,4050.2405855161974,564.5736919364797,7486.069285916714,0.8073017194635681
2006,163.9409260087755,9521.134404741277,249.80077688100602,4576.250573525275,0.6100150749821256
2009,-39.89874059102411,4568.11485239181,102.92831837006254,3063.095540740569,0.6851664084112026
2008,112.23352698006933,7987.152057870772,228.62307317871978,5599.46735625836,0.6477112839749397
2007,91.07832628551988,4127.573996992679,188.55785473220323,2122.85755880477,0.3692970764855416
2005,114.10729249753258,5672.467620353061,-27.437391140626328,4075.1856660825347,0.6813020402572072
2004,25.293247549291088,5144.874257629572,165.6568432869051,6320.864729034741,0.6780957686230518
2003,-46.66922454304786,12714.152176856287,40.85969660302192,3456.793122203472,0.6107210173056856
2002,73.93631700848276,4238.4865404791935,275.9432276684847,9384.414585841538,0.7429098054423207
2001,300.3919351658717,3956.6712563460555,311.4998044439091,13206.637595847455,0.5141798728768907
2010,-88.64279074519756,9217.446377276563,46.66756753286609,5178.225009705715,0.6692958719242418
2047,-76.6694032769791,6204.742030445074,139.7188417018604,4586.891432155333,0.7609070135538435
2046,45.79685483055514,3854.7063953727575,0.0,60235.272498719016,0.45289580883149494
2045,-76.6694032769791,6245.693783235192,45.79685483055515,3760.4371507682786,0.34168268511362737
2037,10.878318176931144,15592.081057729245,0.0,40414.65810372308,0.4884429838909903
2041,-193.5380149698526,5835.993966363803,0.0,60235.272498719016,0.31022337563539765
2039,10.878318176931144,14233.028167379265,45.79685483055515,3760.4371507682786,0.5442616574790253
2040,0.0,60235.272498719016,0.0,40414.65810372308,0.5000000037826325
2048,0.0,40183.58391725463,0.0,60235.272498719016,0.5000000037826318
2042,-76.6694032769791,6245.693783235192,0.0,40414.65810372308,0.4161120515190939
2038,0.0,60235.272498719016,-0.8922542257227009,4059.892852118511,0.4990806527672378
2049,0.0,60235.272498719016,0.0,40183.672139156144,0.5000000037826318
2044,0.0,40183.58391725463,-76.6694032769791,6245.693783235192,0.4160322807371083
2051,0.0,40183.58391725463,-193.5380149698526,6119.717076517612,0.2968411379864788
2052,-34.21034369471347,11126.531232798625,-142.08619313855172,9627.534772007612,0.6320052281107796
2043,0.0,40183.58391725463,0.0,40414.65810372308,0.5000000037824804
2050,0.0,40183.672139156144,0.0,40414.65810372308,0.5000000037824804
2053,17.463651528194013,4236.7478694042775,-23.03732315560321,5433.720930867141,0.5540319750957908
2055,63.32440931680557,3762.0145805154207,26.38520731348932,5274.625071861966,0.45047814942116504
2056,-71.754064570171,7195.20117254924,150.6419921049183,20779.37615027729,0.7466573475129892
2057,-156.45663395804849,5703.495871266987,-23.037323155603204,5361.9428911533305,0.3296409467811485
2058,17.463651528194013,4257.614211307225,42.586274096014094,3546.5278673960615,0.5340239660398387
2059,-332.0522104524152,39222.50306303762,150.6419921049183,18728.06175009423,0.10596179653735992
2060,-156.45663395804849,5639.583951225481,-70.5187990016248,26816.592297345884,0.4001250691075947
2061,-170.06223713729096,18347.02383440264,26.385207313489314,5238.74751600327,0.2739408082521292
2054,-70.51879900162481,22282.104664716942,0.0,60235.272498719016,0.5680088426235532
2026,-59.678497077876564,5201.22166681098,-42.41053331351061,4934.1307659109725,0.5230345600227599
2035,65.39305287721812,5477.100144827259,47.71867549786043,13571.26050623384,0.5223055869923321
2019,92.63679126804426,11902.17225868988,481.8061638455281,6619.4676935941725,0.8827955516681442
2020,446.0918697568127,20984.10853606318,101.66804236718423,8085.788241464057,0.8437098019337366
2021,291.20454672988683,5152.151976866746,-93.58795254434003,9238.342074902735,0.8849288977477268
2022,22.92860759343986,15579.850763992355,47.63802111862892,3610.6375498394777,0.4688595184647973
2023,329.3348147319238,7313.089724413407,367.7132548756259,4503.307412129644,0.44949774923939007
2024,-63.3813792955391,6541.898620629088,-78.0580216004409,12025.758733147348,0.48142231166661886
2025,-154.29892762230878,9079.725323030405,152.0960751173832,4496.176955284582,0.16500003218866935
2036,299.783917722572,4619.47978405274,434.0636314092145,6444.782113410269,0.6713760679372074
2028,-26.575914524625894,4274.316637631858,-31.142635671487483,5678.607887037679,0.4938969978525589
2029,20.692278967380435,5051.766962746425,107.38948152228149,5372.842392243766,0.6136088237881421
2030,-148.5585224202232,19041.49063156587,196.7054929957414,7610.291308226625,0.8469053250272807
2031,73.02875091089972,4792.765197932476,186.3034966962549,2396.1633077692586,0.3502159221724176
2032,353.4384380836693,12725.379836022288,314.66774974405325,8843.644157593375,0.5481264118229976
2033,247.17139789553374,5892.464010518996,295.26253392234753,9773.449732842391,0.43832638935253787
2034,50.76242936177442,3819.8273192816064,113.49590766802149,4438.254054678305,0.5840533824518543
2027,-54.26793548100156,12951.056309780668,-102.504464263599,6904.5830238387525,0.4396385496901074
2070,-193.921331301139,22525.718663792417,64.70327078143767,47579.34403580319,0.2574423197331922
2069,-77.58051331198034,5145.662284106663,-108.52223566107223,8715.292854875937,0.45976498393252974
2068,64.70327078143767,38533.8754629239,9.600472983318262,4149.020725290811,0.43844441485701235
2071,-193.921331301139,20382.30790771595,67.73924778932388,15216.104682889129,0.7738687179889623
2067,39.43922821888583,3842.1071315334766,6.7239231455576345,5012.811250433654,0.5439427603899951
2065,39.439228218885816,3747.626368567156,67.73924778932388,14300.341256619331,0.5358901800525602
2064,-125.69606862527172,32758.297402652748,67.73924778932388,14300.341256619331,0.7024935474700791
2063,35.25655270106789,3639.4349167110386,67.73924778932388,14300.341256619331,0.5412002750534264
2062,-53.55833328350297,35185.33205246886,-77.58051331198033,4959.067422494633,0.47276610963549925
2066,-126.85534213285833,5282.372555065138,39.439228218885816,3747.626368567156,0.7104737118988489
2080,-132.00090271024695,5288.743766775389,48.338382246356566,3568.254464542486,0.7261480158871083
2079,33.33741608610656,3574.1906468442003,132.45848070488867,4640.477269255936,0.3689173175391412
2078,158.4326404495239,13499.6970175853,-79.46214736089743,8021.50414055783,0.231924913591127
2077,-162.5553591018215,16639.710467867768,18.278799256917292,4187.713559935012,0.7129638360557657
2075,-135.85235995296227,26604.051537110307,158.4326404495239,12736.182058062635,0.7966153978238687
2074,-85.9134671397438,16176.76199795092,158.4326404495239,12736.182058062635,0.7657230587970462
2073,-85.91346713974379,15202.534451962272,-162.5553591018215,15175.496227718344,0.5901860078195496
2072,-3.8177871737983913,4854.775025954313,132.45848070488867,4667.025293020507,0.6753396667619318
2076,-85.91346713974379,15202.534451962272,-139.31308448018407,30679.309163832633,0.5588637303297486
2081,299.83714482153005,4120.861414977139,121.06412647411486,5471.867894844668,0.7235218489691361
2082,121.06412647411486,5634.060260652291,487.6608582900631,7696.218664680237,0.8756536966444136
2083,-232.3766214460732,15221.944105923354,13.470676079162004,15172.89273127791,0.7654997127920183
2084,-232.3766214460732,14246.820272234037,121.06412647411486,5634.060260652291,0.8598774585836537
2093,-172.95864580825506,12565.240428225727,32.7237343074977,18897.025289010013,0.7273236739213622
2092,113.2310390010534,5464.867928646126,0.0,60235.272498719016,0.38564606393922385
2091,493.4157630477719,7906.226252024172,0.0,41554.75333425269,0.9052507692551899
2090,78.70754153758617,14157.000813323466,32.72373430749771,17119.943506816235,0.44579321343455447
2088,32.72373430749771,17119.943506816235,493.4157630477719,7967.846348135494,0.9114840069153481
2087,32.72373430749771,17119.943506816235,0.0,41554.75333425269,0.5343739386376255
2086,-261.4980144085088,14551.61272090774,32.72373430749771,17119.943506816235,0.8044256899296156
2085,-238.73026946563309,13116.265346377708,32.72373430749771,17119.943506816235,0.7876220164902977
2089,32.72373430749771,17119.943506816235,113.2310390010534,5411.099617833903,0.4014941383627447
2094,166.1868349206286,11496.939096004637,305.68986796474263,4733.572160480646,0.32761990667292573
2095,47.83877475416632,13034.752103286097,305.68986796474263,4906.162400309801,0.2098227418321873
2154,447.390113678308,6537.550491991389,127.71887874786712,4569.345318210851,0.8478460063956962
2153,-28.78072735881744,20792.027973961493,296.2072715217461,5661.488848033283,0.8331323022003576
2152,120.18992666285148,10747.473496411796,-35.889695733642085,4460.191812583322,0.6921113972682641
2151,291.02839206971447,4807.922334198702,-160.49772258927067,13921.355421740154,0.9133316676406349
2150,580.893042083719,7648.77661373309,0.0,60235.272498719016,0.9254720049592986
2149,-261.32061145758576,14667.907505111982,-64.82698752111123,14302.758702436933,0.7207452478743259
2148,0.0,60235.272498719016,120.18992666285148,10744.271494244354,0.6190318604189026
2145,133.79593903667475,5715.724092554131,80.55910403719419,5565.7089345659015,0.5700897520371478
2146,45.03603902830065,3633.7983673097697,114.69627849836861,3314.625166172527,0.5939732471729995
2155,0.0,60235.272498719016,-35.88969573364209,5309.854945600948,0.4632408662810039
2144,270.7105673408642,4694.682171017391,268.1679473953629,9199.982774838094,0.5033121733537513
2143,45.03603902830064,4328.662338396331,80.55910403719419,6278.2034953618195,0.5471368105334635
2142,538.0418516008442,7430.118851948583,202.7446595435888,7764.145195713746,0.8535031769981408
2141,-64.82698752111123,18030.98916371796,80.55910403719419,6278.2034953618195,0.6717607589901131
2140,202.7446595435888,8535.734185870273,267.55192874501205,5970.627869458512,0.41662465716001273
2139,408.0671406932134,14877.032322915216,353.4486342252593,5129.059997886301,0.5682044681442981
2147,-41.65803776386307,7668.957998252266,268.1679473953629,9444.828400003717,0.8330902872264134
2156,80.26947576262057,5204.2831643116915,-64.82698752111123,18030.98916371796,0.6723557410482173
2160,353.4486342252593,5883.9844531381705,267.55192874501205,6645.7072337438685,0.6111168083685695
2158,0.0,41721.51022644083,265.74602651202974,4673.6714146210425,0.7670990879391308
2138,-261.32061145758576,13874.699779937646,0.0,60235.272498719016,0.7419523603830142
2175,133.79593903667475,6726.773105793107,-247.17464497876622,16145.243309538579,0.8733932510580574
2174,7.559804102615731,5622.405049695939,268.1679473953629,9444.828400003717,0.7961859213360472
2173,45.03603902830064,4328.662338396331,-287.1459890210486,38023.4614493022,0.8217065019103444
2172,580.893042083719,8957.634124276095,291.02839206971447,5784.484862261509,0.8208069974276181
2171,270.7105673408642,5800.6533355146685,-28.78072735881744,24257.390996358972,0.1897528114845599
2170,-160.49772258927067,15133.194901710736,447.390113678308,7366.671600771438,0.9595927126491824
2169,0.0,60235.272498719016,14.636154892583264,12970.576010810322,0.514618983259596
2168,126.60094795520655,4482.286189299837,0.0,46446.00675313412,0.36565498228963655
2167,291.02839206971447,5784.484862261509,0.0,56519.92599147595,0.7738367937528541
2166,7.559804102615726,7899.285287553661,296.2072715217461,6541.788765718261,0.8202314816289831
2165,0.0,41721.51022644083,296.2072715217461,6541.788765718261,0.7896809314138509
2164,0.0,40325.81429809397,176.06106220739855,2673.543906839592,0.6888046156995637
2163,265.74602651202974,4879.587126744183,-35.88969573364209,5309.854945600948,0.8358708286919514
2162,120.18992666285148,10744.271494244354,270.7105673408642,5800.6533355146685,0.6845426244820918
2161,202.7446595435888,8535.734185870273,127.7188787478671,5497.27378547283,0.5965157038224429
2159,88.37948659623326,4910.8996802664005,127.7188787478671,5497.27378547283,0.5522363416403495
2157,408.0671406932134,15305.989502086555,-160.49772258927067,15133.194901710736,0.9452408502052154
2137,126.60094795520655,5132.291741384104,-76.25607534544241,4795.7019160411965,0.2515323499362744
2112,-31.204353886303377,5034.882092886859,7.559804102615726,7899.285287553661,0.4493564628784901
2135,88.37948659623324,5682.7236499046285,202.7446595435888,8535.734185870273,0.6447442216004019
2113,538.0418516008442,9042.090634332793,267.55192874501205,6645.7072337438685,0.8038129221393208
2136,80.26947576262056,5484.495776080345,-247.17464497876622,15847.190838494114,0.8407315363070325
2110,291.02839206971447,5784.484862261509,372.97530132919746,8982.536056685922,0.39527923293538075
2109,88.37948659623324,5682.7236499046285,353.4486342252593,5883.9844531381705,0.804617268077112
2108,7.559804102615726,7899.285287553661,251.78753142682245,8354.63874605601,0.7801777157210927
2107,538.0418516008442,9042.090634332793,88.37948659623324,5682.7236499046285,0.916283497556795
2106,0.0,41721.51022644083,-28.78072735881744,24257.390996358972,0.5294487717049242
2105,353.4486342252593,5883.9844531381705,372.97530132919746,10614.591203033282,0.47498647024201834
2104,-41.65803776386307,8230.457419666436,296.2072715217461,6541.788765718261,0.8557466068260884
2103,0.0,46446.00675313412,-76.25607534544241,5623.332552147719,0.4183467306085865
2102,-41.65803776386307,8230.457419666436,0.0,40325.81429809397,0.4545141130220477
2101,265.74602651202974,4879.587126744183,0.0,40325.81429809397,0.7681667571965913
2100,-31.20435388630337,5795.193255862067,251.78753142682245,10356.43970976663,0.813519749565513
2099,14.636154892583276,12558.646596189352,-76.25607534544241,5623.332552147719,0.6135249920571881
2098,268.1679473953629,9444.828400003717,251.78753142682245,10356.43970976663,0.4794151611295253
2097,-31.20435388630337,5795.193255862067,176.06106220739855,3635.4530695568137,0.7536077083733499
2096,133.79593903667475,6726.773105793107,80.26947576262056,5484.495776080345,0.570047739664839
2114,0.0,46446.00675313412,-247.17464497876622,15847.190838494114,0.7387934573836482
2115,120.18992666285148,10744.271494244354,176.06106220739855,3635.4530695568137,0.5720942863089885
2111,0.0,40207.30840683474,-247.17464497876622,15847.190838494114,0.7435267701293331
2117,45.03603902830064,4328.662338396331,-76.25607534544241,5623.332552147719,0.34305168171057543
2134,114.69627849836861,4543.410093331589,0.0,40207.30840683474,0.6252076059636642
2133,408.0671406932134,15305.989502086555,372.97530132919746,10614.591203033282,0.5425691833670161
2132,126.60094795520655,5132.291741384104,80.55910403719419,6278.2034953618195,0.43933943056139924
2131,0.0,56519.92599147595,267.55192874501205,6645.7072337438685,0.7547827667332214
2116,265.74602651202974,4879.587126744183,176.06106220739855,3635.4530695568137,0.6188463365172365
2129,-41.65803776386307,8230.457419666436,251.78753142682245,10356.43970976663,0.8187935602670251
2128,-261.32061145758576,13874.699779937646,80.26947576262056,5484.495776080345,0.8527357386718102
2127,114.69627849836861,4543.410093331589,14.636154892583276,12558.646596189352,0.6253165167101934
2126,-261.32061145758576,13874.699779937646,133.79593903667475,6726.773105793107,0.8838473040754873
2130,-287.1459890210486,36842.604619410726,14.636154892583276,12558.646596189352,0.7929081540463148
2124,580.893042083719,8957.634124276095,447.390113678308,7366.671600771438,0.6654036426877896
2123,126.60094795520655,5132.291741384104,-287.1459890210486,36842.604619410726,0.8730048543210728
2122,-28.78072735881744,24257.390996358972,-35.88969573364209,5309.854945600948,0.5084806938203833
2121,-31.20435388630337,5795.193255862067,270.7105673408642,5800.6533355146685,0.8342142003225361
2120,580.893042083719,8957.634124276095,408.0671406932134,15305.989502086555,0.7011949837370409
2119,0.0,40207.30840683474,-287.1459890210486,36842.604619410726,0.7599681934991136
2118,0.0,56519.92599147595,447.390113678308,7366.671600771438,0.8724115600679239
2125,114.69627849836861,4543.410093331589,-64.82698752111123,18030.98916371796,0.7098248247541684
2189,0.0,60235.272498719016,189.92617757028728,3438.6660318731833,0.6879813456074577
2190,-46.14400162230473,4895.514882165011,148.8098936124268,4230.9502893701365,0.25864828998214306
2192,112.29253964863025,8685.334973447423,311.46660182897466,9239.515164796292,0.7349495085822768
2193,53.704951120144706,3660.3542064262883,189.92617757028728,3390.1267793236725,0.3220287516327917
2197,63.97247687513978,5364.190266432166,189.92617757028728,3390.1267793236725,0.6637834453896616
2195,136.06364591424088,6686.706477961531,563.8122536469124,8727.360019195641,0.09416291991335361
2196,112.29253964863025,8271.111180411088,133.84378107143627,5089.7058578541155,0.5281415151174338
2188,-315.02445125049854,13952.108390899904,79.78699144329963,4627.892699281576,0.8858442545739641
2194,0.0,43799.687518085295,-26.035407101066053,4853.895511478642,0.5284575412646104
2187,-315.02445125049854,13443.603778151006,-33.92506011461472,7151.088023944143,0.8065030032895155
2191,63.97247687513978,5184.7323302726,294.16791601598544,4658.315746382954,0.7755301425356546
2185,148.80989361242683,4147.005981349507,189.92617757028728,3390.1267793236725,0.5556504995479375
2186,133.8437810714363,4906.765951660144,189.92617757028728,3390.1267793236725,0.42474188386394784
2177,19.70086244827452,4366.336592378887,189.92617757028728,3390.1267793236725,0.7164378262241557
2179,0.0,60235.272498719016,189.92617757028728,3390.1267793236725,0.6880111691667359
2180,242.03418766816665,8064.101851416686,189.92617757028728,3390.1267793236725,0.5685448229240005
2178,53.704951120144706,4392.634708340847,16.531564358730968,4013.240428283473,0.5500485963172695
2182,-315.02445125049854,13443.603778151006,133.8437810714363,4906.765951660144,0.9125327915847723
2176,-46.14400162230473,4775.470778703572,18.330152777343248,7685.464652080861,0.41599007673730826
2183,-26.03540710106605,4689.652196375129,63.97247687513978,5184.7323302726,0.618211576658509
2184,19.70086244827453,5065.867549099783,16.531564358730964,3908.450902622572,0.49573621774682264
2181,-9.610085730963032,4845.1067830671245,16.531564358730964,3908.450902622572,0.5351684803497925
2223,33.415281324839064,32141.68793713232,165.7679801393872,4663.852818820627,0.6484604355420482
2218,-13.28280128263251,4514.642839506182,122.92840086374999,3963.1063124280827,0.32361593965597635
2219,-13.282801282632503,4537.207817397738,-10.162708386095987,8803.48911066792,0.4959213594483168
2220,-47.732052524567834,4575.340809493721,179.32416282895227,7806.454383415536,0.7691613145628424
2221,-13.282801282632503,4537.207817397738,189.45219231048154,2895.5410920785002,0.7516880712626921
2222,189.45219231048154,3014.703141419404,360.6428417926309,8311.306428670592,0.7131411091695106
2224,24.624990390119923,3670.823632494407,179.32416282895227,7640.702530006059,0.6947509280780765
2230,243.77341327661574,25229.006805280886,189.45219231048154,3014.703141419404,0.564918671854762
2226,82.12062382148575,4265.960221738575,-47.732052524567834,4627.513383357485,0.6683401481534212
2227,-346.64945681892596,13414.863376876983,83.75214070131656,7573.991848988477,0.9015620927631819
2228,179.32416282895227,7640.702530006059,243.77341327661574,28970.43648977095,0.5738411102845375
2229,83.75214070131656,7607.472837578786,189.45219231048154,3014.703141419404,0.6372479280021959
2231,243.77341327661574,28970.43648977095,302.99767755991724,4571.073491109315,0.5689017499340661
2232,-3.281938677583375,5979.545501426858,189.45219231048154,3014.703141419404,0.2608011834904853
2233,-3.2819386775833665,6918.796133047979,282.5367229788123,5322.856889551397,0.8208548204543406
2225,61.235871556886714,4875.41410211429,179.32416282895227,7640.702530006059,0.6506941803508577
2216,-2.951450164095616,4898.269965840185,24.624990390119923,3746.830265789906,0.4628802730741005
2217,122.92840086375,4018.962387254902,189.45219231048154,3014.703141419404,0.5897789334923111
2214,-65.76882525354281,47481.08690356542,189.45219231048154,3014.703141419404,0.754796792870867
2198,243.77341327661574,28970.43648977095,381.92730357406464,5331.307250506304,0.3436928767554967
2199,82.12062382148575,4302.250240818457,165.7679801393872,4675.450272062696,0.6107693807782253
2215,61.23587155688672,4867.76563907498,88.30287759433216,5233.773234785453,0.5360791385692153
2201,-346.64945681892596,13160.507990583279,122.92840086375,4018.962387254902,0.9221961466255604
2202,243.77341327661574,28970.43648977095,88.30287759433216,5200.168621694099,0.6746321977096262
2203,-346.64945681892596,13160.507990583279,24.624990390119923,3746.830265789906,0.12570506065428236
2204,-141.7491706247754,5432.8212842422545,82.12062382148575,4302.250240818457,0.7696189975827441
2205,82.12062382148575,4302.250240818457,54.0253941831287,10429.688534360534,0.46365088730703197
2200,-47.732052524567834,4627.513383357485,83.75214070131656,7607.472837578786,0.6669110015363526
2207,165.7679801393872,4675.450272062696,320.28562050902036,5360.033018303609,0.6959836825611644
2208,-25.454378437721267,6973.821895033658,-13.282801282632503,4537.207817397738,0.5160945828866037
2209,81.4769610272224,4611.043513285665,189.45219231048154,3014.703141419404,0.3572503999835881
2210,-25.454378437721267,6748.076255344815,122.92840086375,4018.962387254902,0.31186806807013234
2211,82.12062382148575,4302.250240818457,83.75214070131656,7607.472837578786,0.49784754397513364
2212,-3.2819386775833665,6918.796133047979,-13.282801282632503,4537.207817397738,0.48676963155856734
2213,-3.2819386775833665,6918.796133047979,-164.19518994079206,15074.05968623889,0.6906984030542982
2206,-2.9514501640956095,4869.09650622403,381.92730357406464,5321.32224480973,0.8897475794910035
2250,-294.76809413519516,10434.716752834542,28.195427892480144,3913.259222661295,0.1539617114964525
2251,28.195427892480147,4024.1310168393256,265.1226953520282,7182.6276291235645,0.7800118628688608
2252,65.19103538589154,6333.161934976797,114.17913921798731,5578.478376349553,0.5642954391716622
2253,174.4021654253831,4405.842482583984,175.5496023817793,2647.139150842912,0.5015645367327134
2254,-187.41686016578913,14440.357185494984,174.4021654253831,4412.717638275215,0.8663348662042272
2258,319.76526059407274,4615.2486279040895,265.1226953520282,7260.946369024096,0.5716426606829786
2256,65.19103538589154,6180.163036806435,199.33155915894966,6704.2963586381975,0.6693954175683647
2257,186.7344229007533,6471.227353685195,175.5496023817793,2757.4157871501457,0.48498263635586425
2259,65.19103538589154,6180.163036806435,-15.732670201662255,6368.991592248494,0.6048540347871845
2249,28.195427892480147,4024.1310168393256,175.5496023817793,2757.4157871501457,0.691483131497813
2255,-294.76809413519516,10188.363106532921,175.5496023817793,2757.4157871501457,0.9262140969469245
2248,174.4021654253831,4412.717638275215,265.1226953520282,7260.946369024096,0.6177683701895021
2242,-21.846474599772424,27242.184287164255,65.19103538589154,6180.163036806435,0.3993363137275371
2246,-187.41686016578913,13943.392280910024,175.5496023817793,2757.4157871501457,0.8695207044186773
2247,-187.41686016578913,13943.392280910024,87.58168791147907,3696.241322288772,0.8051130518026337
2235,87.58168791147907,3801.820570725847,-30.917383631817597,8402.013766933209,0.3485305537091743
2236,-15.732670201662243,6222.944534500506,28.195427892480147,4024.1310168393256,0.4416578742907359
2237,-15.732670201662243,6222.944534500506,87.58168791147907,3801.820570725847,0.3652018961339373
2238,202.593362158047,10716.992214571974,175.5496023817793,2757.4157871501457,0.5352684579344916
2239,65.19103538589154,6180.163036806435,28.195427892480147,4024.1310168393256,0.5492100638824265
2234,95.46580510727712,4645.574436404048,175.5496023817793,2757.4157871501457,0.3926895423398942
2241,65.19103538589154,6180.163036806435,379.2343112404739,17658.42068478386,0.8281754022866121
2245,181.95636952220545,6282.936217570962,319.76526059407274,4610.989159895236,0.6757037724271324
2243,65.19103538589154,6180.163036806435,175.5496023817793,2757.4157871501457,0.6445056230663713
2244,114.17913921798731,5677.82283950794,319.76526059407274,4610.989159895236,0.24922688471011867
2240,98.52368085619332,5063.183373219809,265.1226953520282,7260.946369024096,0.293071924433235
2280,517.3917392960709,7749.100417297097,239.8179688929891,6228.876908469902,0.8118976061256785
2279,-222.50495568816314,13299.866256366035,60.81088712080831,3570.634535303528,0.18712516892414527
2278,181.33646144062917,2483.822152940374,371.7546260233825,5192.075458822656,0.7384945043768258
2277,39.41114388526283,4837.003857022061,-222.50495568816314,12693.245680161444,0.7942041233196471
2276,60.810887120808296,3682.599967420581,-12.315372633042273,7958.634568689786,0.5955344775105642
2275,39.411143885262824,4890.640611078505,327.85998967600943,5383.403655815912,0.8255770518096353
2274,317.1110650657717,4353.383345521784,181.33646144062917,2615.333723448425,0.6775276204559256
2273,-73.5770644439544,4419.952709352841,39.411143885262824,4890.640611078505,0.6474098224341975
2272,-222.50495568816314,12693.245680161444,181.33646144062917,2615.333723448425,0.1058404453732428
2271,-24.25616713362373,3643.949494867969,327.85998967600943,5589.824758413054,0.871794176234183
2269,-73.57706444395441,4605.214099819368,181.33646144062917,2615.333723448425,0.8018251040763901
2268,-73.57706444395441,4605.214099819368,-222.50495568816314,12693.245680161444,0.6820207052594803
2267,153.99061959506707,4182.21789701946,317.1110650657717,4385.963881785116,0.707472251656805
2266,-251.27739738614721,8741.657935994726,39.411143885262824,4890.640611078505,0.17710975367840529
2265,-222.50495568816314,12693.245680161444,-24.25616713362373,3769.410299904279,0.26430569750063815
2264,-73.57706444395441,4605.214099819368,-24.25616713362373,3769.410299904279,0.5662577842674033
2263,60.810887120808296,3682.599967420581,327.85998967600943,5589.824758413054,0.8094309631963965
2262,-73.57706444395441,4605.214099819368,149.83138659748408,5540.537451533379,0.23138137884846705
2261,119.25060143943425,5006.532061435978,239.8179688929891,6217.880301425933,0.3451379176507579
2260,393.38674698276446,17024.21760526714,181.33646144062917,2615.333723448425,0.25420563031437526
2270,181.33646144062917,2615.333723448425,327.85998967600943,5589.824758413054,0.6888487601997251
2286,211.5891308756469,8694.261808945874,461.9847789582617,6905.240235925475,0.7865421551187707
2285,206.44904585327285,6537.810152299945,135.30761847445376,4920.875371564863,0.40689360318370593
2282,212.03875396025285,5925.1445940050435,307.04321054442744,8968.627997155236,0.3792503510905512
2281,261.3424536911428,7683.959717624402,349.2257844438259,5220.126515739109,0.6133435697425917
2283,525.298552605178,8535.420053911255,124.02386838898833,5499.787810590323,0.8941979134108606
2287,359.5149444350819,5171.849013038094,284.2311405546992,5438.056240700157,0.5989335600513708
2288,153.6819681457259,4848.8317636746815,234.74697701699603,5773.781691480034,0.6063126263450559
2289,244.56306932530245,7788.198655340728,121.13681227664424,5538.711892394639,0.3436584859726939
2291,275.1868171489753,8948.48582774567,184.86695708364257,6453.731438309051,0.38534729079338215
2292,470.44230833479884,7337.3497198454315,530.7489179933291,8466.790632318716,0.4229314057197763
2311,-162.95961227906054,40842.56611236091,-109.77664765777642,8548.398767784069,0.4422130363465872
2312,244.87230061236244,5672.616460193844,206.19910489321663,6287.734872311042,0.550840444152604
2313,140.91574636468363,5451.495024678199,30.341083371667448,4410.797714763819,0.6439315586067499
2314,323.6802983317411,6174.245650699241,523.6161876792262,8056.664654609432,0.7400613911845275
2317,170.4014445359435,6317.674566662297,75.08900855374489,3815.061214950455,0.6247036286489882
2316,372.5999541352647,9069.94078390003,169.63720353924825,2405.8394721499267,0.7465721810766154
2310,327.69028173109626,14055.841725029757,270.7732429256796,5760.690440843852,0.42888377434801384
2318,-26.30146837298625,5504.1469692133,-145.41462600975706,19050.183557499156,0.3577464757962049
2319,-81.26824303673612,9372.117082001414,6.199063634218362,4713.994018490162,0.38798164131198576
2320,13.379307565916314,14487.329996933113,163.963383650137,7683.312088523077,0.6793142829898109
2315,369.8285000024279,5161.178278322183,505.47487122901543,7851.546325625409,0.6710289240083285
2308,144.27172757004078,4822.307039902215,375.5240728314314,5387.513238847009,0.776033677776381
2305,246.25144288620493,8487.910896402993,329.0001530917636,4300.68056841167,0.3930069007568989
2306,101.55779401957743,8291.020745936965,-301.1355785457628,40955.85882527204,0.860257105623016
2298,140.91574636468363,5282.603510162316,494.1400684699215,7132.5772982838425,0.8685723642408419
2297,144.27172757004075,4744.910482358132,270.7732429256796,5549.527092770198,0.6628949849354353
2296,199.75411361600007,10727.7253113192,206.19910489321663,6024.073433345355,0.4917509453838285
2295,246.25144288620493,8000.683727073085,215.8637454955521,7416.829177220278,0.5391392573285414
2293,244.87230061236244,5465.651796345867,369.8285000024279,5023.413287915956,0.33915187694309124
2307,149.39607868347844,4222.661742153043,453.4008592912289,12990.441087870662,0.828610974270757
2375,-214.84863813864214,7716.384149810479,-12.996923780003792,5177.814378517882,0.7436532842638301
2374,-325.49028073213117,45566.93801340238,341.0410329409751,36092.824258156244,0.942982067517432
2371,-200.87539294601854,24945.27585157822,62.88149606454601,4342.758554826848,0.7821826653055567
2373,-69.35687371675435,7721.453645403337,-66.12259775699026,12169.089717211014,0.4959356424185371
2372,-464.1328761929223,34107.563381227505,62.88149606454601,4275.909188853562,0.07333404928586598
2376,-66.12259775699027,12474.985561744248,-243.9906174755354,37789.69799911968,0.31459281833427966
2369,-69.35687371675434,12697.322425912484,-243.9906174755354,30938.047762148635,0.31306121430839307
2370,-464.1328761929223,35304.20445811081,-154.1985015618042,6199.6542350025975,0.1935835281290506
2301,144.0452782708444,5215.2004948142385,176.78603923446735,5770.299401634435,0.4566450660228064
2299,227.3515995263283,10048.830947548486,346.77398802361023,4789.71611770118,0.6502472178143154
2300,519.3436702341756,7586.10144313877,294.124984860247,5401.538351354857,0.7666191043767859
2303,293.49589309723893,7548.564998634771,131.77097303870698,4641.596512576219,0.7016718425681758
2304,277.5420737226187,5320.5306713930995,501.5763886494436,7026.999503823842,0.7663106602963567
2321,162.47462725314384,2675.159128478844,104.95755184079586,9985.080188755881,0.5749858080470505
2322,-125.41574888603627,10005.766762763604,-8.757989352913995,5061.472417049811,0.6467673007335633
2323,316.28805301618706,6748.316504198245,31.58808602645461,4761.098213431426,0.8209342427929208
2336,315.0728491231953,4401.593545999826,159.93213500535225,5088.761162312848,0.6973218863261758
2324,529.1469185489499,7417.2604025469045,472.7775568222041,13240.526984591432,0.42989178745626655
2334,-331.8019087746537,44767.770977151915,-54.22800633076494,6077.331702541544,0.7727907224213826
2325,122.71808580949933,4583.082856437766,181.645211034811,6507.5673701032,0.42243068897829233
2326,381.92454978690586,5591.82443294779,304.00460258439733,7301.719851092749,0.6008483160458565
2333,42.837588318892315,4201.881438046528,-13.39208555614728,15162.843479458741,0.5704479320956993
2332,288.0761810783075,5312.561287025517,270.6281876214058,5260.548135368382,0.5232065973346178
2328,278.81881980185176,12427.73172008446,-69.45772101680889,28114.16585706917,0.8345214779606941
2329,171.9326003060055,7808.740199040836,143.99791631108806,4500.028260664305,0.46330234521763136
2330,536.1528629376161,8608.894509811165,389.59218808395025,9317.230968288246,0.67876638281651
2331,158.71812988795762,5580.516351731752,-44.69700423878184,10067.753140230203,0.7418814291990777
2335,-83.42558596754913,16308.786882599015,355.73517973836596,4730.589404974614,0.905627163752811
2377,-78.6282810764459,18282.778957943054,52.690531211385505,4216.461564443483,0.6576243951635703
2379,-78.21332438595894,11533.381992197217,344.2859333192634,43802.528192589285,0.13387678089214608
2380,-18.50069861165826,3566.517925350104,-51.13694529658752,7294.406365519951,0.45674745522265325
2381,-372.371788766753,41581.01653962294,-247.05070734961552,15941.239570702703,0.6298135444395456
2378,-51.13694529658752,7829.169394842711,-75.10075609066541,4069.7941740809943,0.5315784623504365
2577,152.36157813126067,5012.803943227774,171.03361043469516,2794.0811001429834,0.5253039867366401
2579,160.28940197434906,4498.476146443686,171.03361043469513,2778.5427608421837,0.48537739909095357
2578,138.94576962426768,4485.676865129178,171.03361043469513,2778.5427608421837,0.4564191252177262
2580,-103.51294509515967,13634.2912837096,171.03361043469513,2778.5427608421837,0.8062771575627526
2575,0.5153003935074517,5545.767416450279,171.03361043469513,2778.5427608421837,0.7160494486083734
2576,14.674762528632487,4607.545048147973,171.03361043469513,2778.5427608421837,0.7012133156886236
2347,265.1076938963835,5083.81026742934,173.7719367129376,2543.0140150919624,0.6216642668737075
2349,-438.7747992641652,38822.426930620975,-142.92948234749645,9517.895946265455,0.7893331691292522
2351,166.1284117031085,6308.101934219465,6.0400979491319555,4681.69886556907,0.7012019072624612
2352,-55.5571171838619,9749.158027963735,82.88727202341896,9597.759254914827,0.6683274112334961
2345,-90.27706911299752,26629.09834617242,31.47351244298726,5509.742479754812,0.6400332938136609
2344,296.3887680191525,7009.086889681342,360.34313532946356,4777.644468825875,0.5837005089445311
2343,1.285007561094558,5037.754723745151,152.10051748599406,7486.450839122747,0.6890131790091827
2342,516.3222708640549,12423.98790613768,399.71925940906357,5556.080819474975,0.644319931304652
2341,-48.43855867611597,6142.960325313551,138.488928979749,4867.3773132457345,0.7304979321861467
2340,174.3322459703703,4383.276656266413,295.11804113668734,12249.666664895532,0.6503305389468763
2339,168.45757289758987,5526.740673017661,153.6069155693822,4359.280075062193,0.4801534141876196
2338,61.3201755178659,4130.13224270823,-88.26033029943312,16076.3202997955,0.3200034177008124
2337,379.0330185522843,8882.678071494753,325.1302848948604,4465.702302645921,0.5700307917354965
2348,305.1356611262422,5193.399072501722,553.5596282545112,8412.98917125779,0.7873411463046991
2346,512.7590659561927,6941.9861657209085,325.0180675842599,6750.77292485072,0.7280952898628903
2382,-28.83906606050679,10964.898509189043,44.89257614512001,4103.455668210325,0.4057027648598582
2383,-235.1991588984534,7994.151511592306,44.89257614512002,4020.608652857581,0.816539979912593
2356,167.58448417355456,4293.822471280765,302.9166811079488,5210.205624756329,0.6742397288455115
2357,-4.459915048962707,4654.192825958282,-56.00399746037163,6077.780906245177,0.5681300500442418
2354,-8.774585644875046,5021.6480782616545,35.63636930424956,3932.7052448020677,0.5594897758966985
2358,564.6238312674245,8294.107446150752,539.5367614325203,11863.108338940108,0.5314406049724665
2359,-44.598390250439564,13817.280395207717,-132.6002356988552,24069.582610022037,0.5996999510056161
2361,143.45613984184504,4833.33158042519,283.7664859606002,6790.852935988103,0.3221309455818096
2362,372.8433870482161,4773.298276689696,400.14395666314346,8495.35710440889,0.5356485931748749
2353,316.74964235098764,4429.355763004674,176.4584703793243,6218.329258676572,0.32112992587395217
2363,169.22671002451878,2595.488590946345,163.2813417468183,7297.058465703606,0.5079484067525851
2360,526.0040555796365,6865.728906372332,313.574794211307,11702.494688935005,0.7473965854268875
2364,392.7235096524369,5479.048349282229,277.95951779206905,5040.590329471786,0.3515263801525703
2366,-139.80102931327448,9296.19302440064,-73.34348062401038,9418.200376657822,0.41662991444025493
2367,98.58357341207504,9123.363173681702,316.96287235281056,6614.559197573942,0.24343169049577856
2368,38.82910148822656,5434.978026790552,166.93816151116002,4367.554262916452,0.6653153123496146
2355,-33.3865374624866,13412.519483611399,154.60549836594052,5436.84312685847,0.7224901396438537
2384,46.49060210237613,3970.936313488745,-70.63804934313308,6007.012779575372,0.348138605679558
2424,10.03242962490903,4680.771359188152,300.2428819876366,4429.980384601419,0.1714544809510572
2416,177.4653524877531,2731.114819605695,648.5853056397125,8026.564498082997,0.9284366981387608
2417,161.38372546401766,4360.504871512574,648.5853056397125,9447.572601592963,0.06831341185627096
2419,0.0,60235.272498719016,177.4653524877531,2914.303207069634,0.32311293471141134
2420,10.032429624909025,4777.031552799393,177.4653524877531,2914.303207069634,0.713401736222663
2421,10.032429624909025,4777.031552799393,162.4306881239691,4842.5049594430475,0.6940329834368906
2422,32.37543386364475,3854.908640556439,0.0,43381.20791990207,0.5355767757958843
2423,-29.810150160323357,3550.661153941941,51.6763668834091,3469.856748841614,0.6094163770617624
2425,199.81406627078184,6151.2625053971615,583.7978639835337,8119.3019974809,0.8846125951667898
2432,32.375433863644744,3900.301791680272,177.4653524877531,2914.303207069634,0.311218922135041
2427,-86.92553422008552,4459.119098467733,10.032429624909025,4777.031552799393,0.6274968271107425
2428,161.38372546401766,4523.0337530065835,300.2428819876366,4536.525634581315,0.6788906997027759
2429,-243.16613460648193,8177.319866660016,-9.137937814154258,6045.413989127285,0.7733664600789278
2430,-243.16613460648193,8147.983432509791,51.676366883409095,4364.452519835227,0.8275968823088065
2431,26.636648919742445,5450.828633201235,174.1105752025387,4408.894633653815,0.6880847251333313
2415,32.375433863644744,3900.301791680272,10.032429624909025,4777.031552799393,0.5300865179769383
2433,-29.810150160323346,4439.749641099082,360.0185126291564,4752.669169367449,0.8935523872537486
2434,145.01628433460502,7014.000777522749,290.01071337334145,6471.354530470067,0.3186385380030233
2435,0.0,60235.272498719016,177.4653524877531,2914.303207069634,0.32311293471141134
2426,-29.810150160323346,4439.749641099082,242.0371653587899,21487.01516799747,0.7926811681990131
2414,72.77033361719985,10008.378070820367,648.5853056397125,9447.572601592963,0.046050114954962675
2418,-243.16613460648193,8147.983432509791,-137.55405124504205,30926.52105067017,0.3815780304546493
2412,-137.55405124504205,30649.448930944167,10.032429624909025,4777.031552799393,0.6654745232950671
2385,7.032652752420091,6063.22808743982,312.71508248211705,5228.994767026865,0.16255951794949366
2386,26.636648919742434,5436.184955569566,294.6331535470081,5053.898557011636,0.8085610798623043
2387,7.032652752420095,7237.220172401014,51.676366883409095,4364.452519835227,0.5587620464320082
2388,-137.55405124504205,30649.448930944167,290.01071337334145,6372.612222624057,0.884893994922222
2389,177.4653524877531,2914.303207069634,360.0185126291564,4882.416622405673,0.7299116637136909
2390,-137.55405124504205,30649.448930944167,300.2428819876366,4536.525634581315,0.8917377464923129
2413,174.1105752025387,4465.10095267552,294.6331535470081,5123.563340432725,0.34363401644058
2392,-29.810150160323346,4439.749641099082,177.4653524877531,2914.303207069634,0.7564362258085571
2393,-9.137937814154256,6319.5810560983955,177.4653524877531,2914.303207069634,0.2676016805674131
2394,51.676366883409095,4364.452519835227,-31.153427841283083,7677.89430104264,0.6075912071714178
2395,360.0185126291564,4882.416622405673,648.5853056397125,9447.572601592963,0.17968915058009693
2396,290.01071337334145,6372.612222624057,300.2428819876366,4536.525634581315,0.48641501351169364
2397,26.636648919742434,5436.184955569566,161.38372546401766,4523.0337530065835,0.673067717529577
2398,0.0,43381.20791990207,583.7978639835337,8117.7687913376985,0.06355271063034694
2391,26.636648919742434,5436.184955569566,199.81406627078184,6233.12469301128,0.71490867590398
2400,-243.16613460648193,8147.983432509791,-29.810150160323346,4439.749641099082,0.755582825647148
2401,7.032652752420095,7237.220172401014,-29.810150160323346,4439.749641099082,0.4514626836714336
2402,174.1105752025387,4465.10095267552,161.38372546401766,4523.0337530065835,0.5171143978171959
2403,0.0,43381.20791990207,199.81406627078184,6233.12469301128,0.7065543918543092
2404,51.676366883409095,4364.452519835227,177.4653524877531,2914.303207069634,0.6651143875720047
2405,300.2428819876366,4536.525634581315,294.6331535470081,5123.563340432725,0.5075115168431686
2406,177.4653524877531,2914.303207069634,506.00663349710027,10806.530554966266,0.14928520656316996
2407,-49.4249050316069,5724.306678697854,-86.92553422008552,4799.811268890134,0.5497721977276764
2408,-464.8824758660867,37495.358032216885,-226.89381458222854,14263.606624050733,0.7390956309149554
2410,26.636648919742434,5436.184955569566,300.2428819876366,4536.525634581315,0.8139671732978483
2409,177.4653524877531,2914.303207069634,-31.153427841283094,8167.334610773798,0.24720014686024838
2411,32.375433863644744,3900.301791680272,161.38372546401766,4523.0337530065835,0.6678147734610269
2399,32.375433863644744,3900.301791680272,294.6331535470081,5123.563340432725,0.805682555775427
2464,169.65610806915896,4852.275878922718,288.15079473255497,3970.57365861682,0.3453639890573956
2461,-213.62480355547328,13814.766596168867,172.37956428186354,3921.6676339058636,0.8818829693799279
2462,-8.068877154897613,4964.190965610685,377.7885207112744,4579.535402425784,0.10897880156471997
2466,17.097947074202168,4111.2545470504765,536.3064518466401,7483.456039674436,0.05615394923394903
2463,258.4581520101986,32919.68058439031,222.09241399428686,5707.6474955283675,0.5414633479496624
2467,-501.112247558939,36476.62465390498,-213.62480355547328,13434.081801048018,0.781447215529016
2472,57.89010533955125,3532.6768966770555,152.21937890932068,2406.3366122459565,0.6269270309911938
2469,57.89010533955125,3604.3028482694895,172.37956428186354,4047.639806855141,0.3491582471952205
2470,-8.068877154897622,5062.2180590662465,152.21937890932068,2530.801744287102,0.2945453546024122
2471,17.097947074202168,4258.049532852695,152.21937890932068,2530.801744287102,0.3230548142125454
2473,152.21937890932068,2530.801744287102,516.9573877260799,6777.880656197003,0.8793494108287297
2474,23.17612623862986,5995.736008334468,169.65610806915896,4846.400385863661,0.31414460081810636
2475,201.46153226065556,4164.683986363066,268.97577977197204,4553.895623145863,0.4099484781943574
2460,-34.67485359258577,4297.080520593588,152.21937890932068,2530.801744287102,0.2641286882070341
2468,17.097947074202168,4258.049532852695,377.7885207112744,4688.579801844018,0.12261817462531187
2459,23.176126238629863,5915.113131089361,-30.571777163139306,3964.4748292980275,0.5714054263856225
2465,57.89010533955125,3604.3028482694895,52.048611383888414,31105.043767002462,0.5067958333160323
2457,172.37956428186354,4047.639806855141,268.97577977197204,4556.2630954170545,0.6275614994775761
2436,-30.571777163139316,4004.8257193554527,200.1125157095382,6996.135822752408,0.2255679565692129
2437,-30.571777163139316,4004.8257193554527,76.85979291789398,3910.8957306812736,0.6418006659563866
2438,-34.67485359258576,4844.171454439694,169.65610806915896,4846.400385863661,0.2497159085843108
2439,76.85979291789397,3963.260013921547,152.21937890932068,2530.801744287102,0.6017837030118809
2440,222.09241399428686,5611.082179960619,288.15079473255497,4021.7987291099435,0.5876150161227429
2458,-213.62480355547328,13434.081801048018,-245.2097375401676,7235.35131964306,0.5394419128145487
2441,-30.571777163139316,4004.8257193554527,152.21937890932068,2530.801744287102,0.26816190625068526
2442,-49.2918964747657,12829.0756710468,152.21937890932068,2530.801744287102,0.25969641455612225
2443,57.89010533955125,3604.3028482694895,-8.068877154897622,5062.2180590662465,0.5880491203344433
2444,288.15079473255497,4021.7987291099435,152.21937890932068,2530.801744287102,0.6781846361131773
2455,-12.405787314960701,7280.674780076329,152.21937890932068,2530.801744287102,0.29233388479420175
2446,-8.068877154897622,5062.2180590662465,172.37956428186354,4047.639806855141,0.2740549776679767
2447,-30.571777163139316,4004.8257193554527,283.55936089239214,5220.535313621407,0.8463637786063574
2448,-213.62480355547328,13434.081801048018,152.21937890932068,2530.801744287102,0.8721247958575388
2449,-34.67485359258576,4844.171454439694,-30.571777163139316,4004.8257193554527,0.4944753046221031
2456,201.46153226065556,4193.8609165548905,152.21937890932068,2530.801744287102,0.5669130837908306
2454,-49.291896474765714,12226.658652342088,513.6569545834726,7526.595664470909,0.9505161008492145
2453,-245.2097375401676,6983.4532115056245,201.46153226065556,4193.8609165548905,0.9183837284276462
2452,17.097947074202168,4258.049532852695,268.97577977197204,4556.2630954170545,0.7968885288218277
2445,-30.571777163139316,4004.8257193554527,-12.103171321297335,7727.07137803268,0.47562416624807896
2451,288.15079473255497,4021.7987291099435,268.97577977197204,4556.2630954170545,0.5258459924513182
2450,76.85979291789397,3963.260013921547,377.7885207112744,4688.579801844018,0.8374119288261439
2606,-44.431719341101676,11173.09207386712,52.954639995103356,25636.505838607878,0.3894278472736814
2607,-95.80748867913462,4695.041955974238,-262.08778704012315,11265.403183067996,0.7025632690272388
2608,-44.43171934110169,12717.680028343411,-95.80748867913464,4810.431507459421,0.4348817134786531
2609,-630.3399454852554,23753.17801939869,-262.08778704012315,17869.78038327693,0.846494696500712
2610,-147.4534511397701,10855.286236784246,-113.39027814127277,8787.174348858445,0.542772236808507
2614,-630.3399454852554,25886.755540924303,-95.80748867913464,4810.431507459421,0.9347801584106059
2612,-147.4534511397701,21603.140178785936,-44.43171934110169,12717.680028343411,0.6180902125560059
2613,-147.4534511397701,21603.140178785936,-630.3399454852554,25886.755540924303,0.9022548521860906
2605,52.954639995103356,22702.744464290332,-262.08778704012315,17869.78038327693,0.8111107078243454
2615,-44.43171934110169,12717.680028343411,-113.39027814127277,8605.53797753065,0.5851992936782636
2616,-118.24219472461606,23827.375683907332,-95.80748867913464,4810.431507459421,0.47313064143497263
2611,-630.3399454852554,25886.755540924303,-113.39027814127277,8605.53797753065,0.07404177155490213
2604,-147.4534511397701,21603.140178785936,-262.08778704012315,17869.78038327693,0.6279412305999598
2600,-118.24219472461606,29621.667525176264,-113.39027814127277,8605.53797753065,0.4944469600513069
2602,-95.80748867913464,4810.431507459421,-113.39027814127277,8605.53797753065,0.5229590389806498
2581,-120.6574778715825,13864.241954990088,137.5036621666062,3693.309752493492,0.7909213835327192
2582,67.33355306683276,3876.376369096547,137.5036621666062,3722.4385205102426,0.5942247594145507
2583,55.72418956621141,5561.761513748831,137.5036621666062,3722.4385205102426,0.39184658725794824
2584,67.33355306683275,3853.9556203602897,222.06032319268968,4006.3192268715998,0.6987650893515409
2585,55.72418956621141,5420.1045294992755,222.06032319268968,3993.664783528336,0.28994511982323556
2586,222.06032319268968,3993.664783528336,137.5036621666062,3722.4385205102426,0.6128743121047043
2587,152.89337541458767,4470.666402945339,137.5036621666062,3722.4385205102426,0.5208052798136399
2588,152.89337541458767,4403.587047913095,222.06032319268968,3993.664783528336,0.5924073601561631
2589,-120.6574778715825,13637.238614532213,222.06032319268968,3993.664783528336,0.8555260857238787
2596,-118.24219472461606,29621.667525176264,-262.08778704012315,17869.78038327693,0.6537259993306962
2597,52.954639995103356,22702.744464290332,-95.80748867913464,4810.431507459421,0.32722810631017474
2598,52.954639995103356,22702.744464290332,-113.39027814127277,8605.53797753065,0.3118135882689954
2599,52.954639995103356,22702.744464290332,-118.24219472461606,29621.667525176264,0.32235316392415936
2617,-147.4534511397701,21603.140178785936,-95.80748867913464,4810.431507459421,0.562333183835884
2601,-630.3399454852554,25886.755540924303,52.954639995103356,22702.744464290332,0.9622797131786707
2603,-147.4534511397701,21603.140178785936,52.954639995103356,22702.744464290332,0.711178855346249
2618,-44.43171934110169,12717.680028343411,-262.08778704012315,17869.78038327693,0.7395671208966487
2621,-147.4534511397701,21603.140178785936,-118.24219472461606,29621.667525176264,0.5315906028514602
2620,-44.43171934110169,12717.680028343411,-118.24219472461606,29621.667525176264,0.417711457533799
2622,-630.3399454852554,25886.755540924303,-44.43171934110169,12717.680028343411,0.9449639214606942
2623,-630.3399454852554,25886.755540924303,-118.24219472461606,29621.667525176264,0.9084684824893021
2619,-262.08778704012315,17869.78038327693,-113.39027814127277,8605.53797753065,0.6735540769346007
2490,29.55423364227255,17974.495900896593,515.3170214246007,7062.367262907654,0.9217915904746804
2489,56.35136013360937,3757.2784844347466,332.91349192115575,4374.67532516613,0.8189534001227408
2488,81.0843722885499,3302.8425025646166,-55.23233153694114,4029.6338548427516,0.6777702318409153
2487,-262.62957989871666,7221.343447472637,-17.894206548516618,3408.501686853956,0.21203358580632897
2486,232.84866185440785,3637.543066282541,106.70007697646615,2105.9464587973384,0.3327957426767073
2485,-262.62957989871666,7119.190360564122,70.39318439861229,3750.2227902207,0.857373086931936
2484,-6.021369564529255,11070.075765781821,106.70007697646614,2243.5156099974847,0.35646750119182385
2482,-262.62957989871666,7119.190360564122,255.2900620614432,4105.970849118283,0.05626875771344298
2481,-262.62957989871666,7119.190360564122,38.95468554026703,4316.70578523788,0.16582466517083352
2480,-262.62957989871666,7119.190360564122,-17.610291292908787,25640.094593225258,0.7623449051415252
2479,122.47189837427881,3340.960484721774,281.35114169901675,5865.155397027405,0.701910696610569
2478,38.954685540267015,4407.49306485068,106.70007697646614,2243.5156099974847,0.591634782287829
2477,106.70007697646614,2243.5156099974847,255.2900620614432,4252.651087173433,0.6932732953809431
2476,56.35136013360937,3764.629244874018,238.96743954326283,5926.021795233881,0.7275487743135982
2483,56.35136013360937,3764.629244874018,-17.894206548516625,3517.1622078793166,0.4002230520951696
2491,-262.62957989871666,7119.190360564122,23.693988365445758,4467.662659029945,0.17787217998017224
2493,38.954685540267015,4407.49306485068,281.35114169901675,5963.109803505706,0.786185313587277
2494,-17.894206548516625,3517.1622078793166,122.47189837427881,3338.406107383436,0.316859961598156
2509,56.35136013360937,3764.629244874018,281.35114169901675,5963.109803505706,0.22928087993367827
2508,122.47189837427881,3338.406107383436,106.70007697646614,2243.5156099974847,0.47827912615295787
2507,81.0843722885499,3393.316068000087,23.693988365445755,4547.299333089666,0.4228257833762816
2505,-17.943339806322278,5004.960789293096,38.954685540267015,4407.49306485068,0.42423389840274467
2504,-17.894206548516625,3517.1622078793166,255.2900620614432,4252.651087173433,0.8166743849049962
2503,-148.24060089812406,6630.021455904887,281.35114169901675,5963.109803505706,0.9095231250991406
2492,-262.62957989871666,7119.190360564122,56.35136013360937,3764.629244874018,0.15235344453793284
2502,-17.61029129290878,22729.697901211293,106.70007697646614,2243.5156099974847,0.6478235947746384
2500,56.35136013360937,3764.629244874018,-6.021369564529249,10370.120078138396,0.58047682346619
2499,-17.894206548516625,3517.1622078793166,505.2197959135406,7690.53656002192,0.9452776549252359
2498,-196.5341670760701,10915.151773216909,156.11873132248655,4252.741447728902,0.8648971027092147
2497,-196.5341670760701,10683.373671416073,56.35136013360937,3764.629244874018,0.7902257989070478
2496,-17.894206548516625,3517.1622078793166,332.91349192115575,4454.641799835428,0.8725603504775463
2495,232.84866185440785,3614.392611813243,332.91349192115575,4454.641799835428,0.6324006278692107
2501,38.954685540267015,4407.49306485068,347.69238763268226,5318.108000196005,0.15822307671642785
2506,-262.62957989871666,7119.190360564122,106.70007697646614,2243.5156099974847,0.8819709590881069
2520,74.55028524925022,3273.717949647824,6.608353885548318,9403.917985832433,0.41167762133703534
2518,52.13656512195487,3242.724449826265,505.577863464988,7778.190377042329,0.9213215557522456
2541,-140.08816794568844,4702.554756721694,52.13656512195488,3392.8276856140183,0.2601528790041913
2513,116.99329562891143,2041.4351250274146,505.577863464988,7819.662046266927,0.8921281382645677
2539,90.55604797141174,3173.3142629030763,505.577863464988,7819.662046266927,0.0956659211123664
2538,269.5195654459287,5521.95787518338,90.55604797141174,3319.602686521139,0.7246747282458762
2537,287.9185348742502,3700.3363611355694,116.99329562891143,2202.173210644285,0.7196094805546704
2536,208.8058714690901,3473.3546123663323,505.577863464988,7819.662046266927,0.1693037382085895
2535,-140.08816794568844,4733.897511986577,90.55604797141174,3319.602686521139,0.2215745248458256
2534,291.6856312078678,8547.411016966402,505.577863464988,7819.662046266927,0.7514288261989096
2533,-8.9645964900474,3171.713337408189,269.5195654459287,5494.834913766594,0.8197811236327847
2532,-8.964596490047409,3295.374958059529,9.439163638856288,3976.033855755959,0.47496511246725637
2531,196.04744880839368,5322.534476857987,505.577863464988,7819.662046266927,0.8378837187157141
2530,345.8807765230226,4293.147276591343,505.577863464988,7819.662046266927,0.6994919217773157
2529,287.9185348742502,3944.9356553271664,505.577863464988,7819.662046266927,0.23911994343374338
2528,-140.08816794568844,4733.897511986577,269.5195654459287,5494.834913766594,0.0974870791926965
2527,-206.93527582229845,10222.724426242714,116.99329562891143,2202.173210644285,0.849147429436468
2526,74.55028524925024,3356.0280544880297,-8.964596490047409,3295.374958059529,0.6123349918204224
2525,-16.567338707110665,18754.493868449517,90.55604797141174,3319.602686521139,0.6302067485502965
2524,269.5195654459287,5494.834913766594,116.99329562891143,2202.173210644285,0.6964210248195045
2523,-63.37282759408518,3991.6958120535523,116.99329562891143,2202.173210644285,0.2703430549741256
2522,-8.964596490047409,3295.374958059529,276.7678444547737,5267.411351531995,0.8257633612800057
2521,52.13656512195488,3392.8276856140183,99.6398862615141,5110.852228075807,0.43621433850234137
2519,237.62495294743073,4018.6310110107047,505.577863464988,7819.662046266927,0.8067035724505178
2511,323.39796738490895,8673.045784782038,505.577863464988,7819.662046266927,0.28097590440381587
2517,514.0487136711458,7165.301010657549,505.577863464988,7819.662046266927,0.510958519405367
2516,52.13656512195488,3392.8276856140183,155.857447485538,4261.98672552897,0.36262097696869766
2515,287.9185348742502,3944.9356553271664,315.5538339266027,5680.989437392683,0.46304829728311503
2514,90.55604797141174,3319.602686521139,116.99329562891143,2202.173210644285,0.4636146722943211
2542,196.04744880839368,5543.0015148608745,287.9185348742502,3944.9356553271664,0.6208684555681789
2543,52.13656512195488,3392.8276856140183,-16.567338707110665,16554.981514560714,0.41446001594948934
2540,-8.964596490047409,3295.374958059529,315.5538339266027,5585.640553441926,0.8541442420899117
2545,2.721903438042891,5230.1122197575905,-16.567338707110665,16554.981514560714,0.4760345177772016
2544,6.608353885548315,8896.449935316736,90.55604797141174,3319.602686521139,0.6088825059663909
2512,-140.08816794568844,4733.897511986577,22.254649203814214,4329.221084424701,0.7059980997271613
2510,514.0487136711458,6918.182960669891,291.6856312078678,10972.668314673652,0.7578076252897694
2696,108.83370859954275,2927.876765668876,532.4913119945144,6868.086279837612,0.9096455084049544
2697,108.83370859954273,3079.1882236769347,322.8449081918145,3717.9122794994423,0.7639950196760428
2698,-84.57779155502621,4082.9352216518273,0.0,60235.272498719016,0.4135993473804982
2699,227.07040516184807,10680.334177625717,108.83370859954273,3079.1882236769347,0.6497718221631889
3582,-262.3081184564687,28628.008528070066,27.017467560693866,7409.348475801122,0.7960361441575717
3584,280.67807628724864,5489.069560019324,302.70812300303635,5443.286083033693,0.4707802464339899
3565,-262.3081184564687,26049.569641554954,-13.586730478859327,3028.3972376339843,0.23058080405948594
3566,109.58811637082086,4594.924916822292,302.70812300303635,5505.217818693698,0.26182877740919214
3567,27.017467560693873,7802.7123624176475,280.67807628724864,5546.905431401856,0.7923391213714491
3568,-0.8025141450958407,6408.232951479687,330.5963475408584,4245.567455884307,0.85655204471926
3569,-45.728333911676145,4027.6488030625305,98.70671538260233,2041.5319535528859,0.3111105866610024
3570,27.017467560693873,7802.7123624176475,98.70671538260233,2327.7734772911053,0.4053883372560046
3571,53.62486127994257,3024.5964917126284,330.5963475408584,4493.301568786353,0.1798494003598415
3583,-45.72833391167616,4223.31249748002,-13.586730478859327,3296.0252490003663,0.5435755992057156
3572,-0.8025141450958474,7065.296883613485,302.70812300303635,5505.217818693698,0.8341401166733295
3575,330.5963475408584,4493.301568786353,302.70812300303635,5505.217818693698,0.46280437517970885
3573,-45.72833391167616,4223.31249748002,280.67807628724864,5546.905431401856,0.14571575477590995
3581,109.58811637082086,6404.823075139027,53.62486127994258,3297.878932017932,0.574395385898793
3580,-0.8025141450958474,7065.296883613485,98.70671538260233,2327.7734772911053,0.3694245469328437
3574,-262.3081184564687,26049.569641554954,109.58811637082086,6404.823075139027,0.8578565180914991
3578,-45.72833391167616,4223.31249748002,53.62486127994258,3297.878932017932,0.6319755325023646
3577,-13.586730478859327,3296.0252490003663,280.67807628724864,5546.905431401856,0.8320662302728985
3576,27.017467560693873,7802.7123624176475,109.58811637082086,6404.823075139027,0.6058505217248109
3579,-262.3081184564687,26049.569641554954,-0.8025141450958474,7065.296883613485,0.7762511368024806
2700,250.08329545699638,12271.607129136886,96.75923224413305,2966.580798636189,0.3109993838732862
2595,-130.45680448172794,12812.632510559442,67.52727170284686,3103.8893109685605,0.2639371215633117
2594,67.52727170284687,3166.3394982262444,143.59786624679404,4281.153501548252,0.6020495970259518
2593,84.56316437422481,5104.604714582112,143.59786624679404,4560.015089042358,0.5784363984491805
2592,-130.45680448172791,12480.82510340746,143.59786624679404,4560.015089042358,0.8050785200015421
2591,67.52727170284687,3166.3394982262444,84.5631643742248,5315.939054758776,0.47701808092480186
2590,-130.45680448172791,12480.82510340746,84.5631643742248,5315.939054758776,0.7508285980741649
2554,34.95345966798989,4328.946219578115,-28.42812502287715,3869.210575129182,0.41505968908338897
2555,-73.69073623660421,4048.8918245849977,-28.42812502287715,4267.441954693236,0.5608836577564483
2546,181.62858473733428,5299.572327173057,263.83770493062366,5064.2622189409585,0.3920521713512091
2556,-109.55489280658236,45279.10522004195,0.0,60235.272498719016,0.598270655073763
2557,-73.69073623660421,4571.349736387014,-23.49856998902747,5618.687814160269,0.4334003888344
2558,-23.49856998902747,6639.065307228562,73.70019473338543,2234.963692930769,0.3719009064885072
2559,-23.49856998902747,6639.065307228562,-28.42812502287715,4267.441954693236,0.49345388941104584
2553,0.0,41470.090485094464,-84.6669896456752,16554.729677306084,0.5884755497652362
2560,-23.922304366338718,3156.73661670593,222.6210523555979,12149.366365840304,0.21653575020020233
2551,65.03825010279698,4948.942241565913,73.70019473338544,2726.4859295946185,0.5117568084303619
2550,107.43593292067169,3053.4565701073093,296.9069290505176,4158.305904336162,0.7381090262484438
2549,263.83770493062366,5674.035760414564,107.43593292067169,3499.917815176056,0.6991297746915631
2548,-23.92230436633872,3636.2378206578705,77.32503775974008,3758.349278314858,0.3655124525202132
2547,-23.92230436633872,3636.2378206578705,73.70019473338544,2726.4859295946185,0.36921328176816465
2552,65.03825010279698,5144.1563123452115,-23.92230436633872,3636.2378206578705,0.617715740876778
2561,-161.1574377386529,46726.09996452161,95.713033447967,3425.856725951068,0.24353352472280637
2564,62.23832397938498,4610.379982263978,218.11122019379616,3576.0290386533393,0.6996920514710439
2562,-161.1574377386529,37930.61322609759,302.8300802080684,4586.5904198243325,0.8978247800141332
2567,6.128977939618094,3286.289752929739,218.11122019379616,4483.928705707556,0.7606094487813176
2566,-161.1574377386529,37930.61322609759,-106.30125399734044,17239.302842620044,0.5582497478344688
2565,6.128977939618099,3392.4362897464907,61.945644293886126,2605.3711783081494,0.5761122445665534
2563,130.99549838712562,41319.195969795175,-106.30125399734044,15258.257655561167,0.26526834667308696
2568,-23.857889221827932,12437.44127155282,531.0406861609205,6969.385445805027,0.948599246738417
2569,-111.23225515244916,23963.45922785267,531.0406861609205,7937.478615099384,0.9619564059374809
2570,200.75682610980598,5869.918097102273,-5.75507650495428,4009.537218009505,0.7522496275795147
2571,-71.64577336192713,4387.7558555313335,-27.535161942972625,12444.151431289907,0.4437831423245995
2572,-147.74147147593268,6631.443227772471,-6.234608122243367,3322.0134269802325,0.31896509669575923
2573,355.6053986119896,10087.422372776455,304.4528028989163,4720.131443681836,0.5659015196808859
2574,355.6053986119896,10505.07617180354,414.5336993074318,4943.942199259533,0.4245071820938735
2702,58.42404507399376,3007.7146041662686,-20.21909290215365,3586.9708585647254,0.6060189823899541
2703,-24.07800071419178,5305.674232222732,60.01101858755101,4940.2711962217145,0.38957569563832833
2706,58.42404507399376,4001.941776126459,52.3013113644079,4637.537313030497,0.5082555946330125
2705,58.42404507399376,4001.941776126459,60.01101858755101,5401.117665495766,0.49787117029047084
2707,52.301311364407916,4950.054423061208,-20.219092902153655,3653.300242850206,0.5966497877062682
2704,-58.22301573641145,4682.110949153923,0.0,60235.272498719016,0.5596175976797366
2708,63.68163909516164,2726.0306937763694,27.65444394183478,5179.6145397517785,0.5486823278516278
2709,-67.52159634021851,4724.669575274917,-38.794573561843265,3578.015050587251,0.5387538379618386
2710,77.39543238641542,3541.064263979054,83.95131741480743,3762.8735550091674,0.4910777757287173
2711,-118.27141876638225,7659.727705982201,2.0613437527480167,8341.127395602081,0.6503306168417842
2681,-144.25943643813812,16845.182064146415,-102.8427018362542,41838.5738152429,0.45653117823175005
2682,207.87156298513372,5997.932452289662,39.1651299220593,6666.111190909126,0.7088591068112567
2683,-185.94010010634813,23477.846959343566,-72.58013605891878,24656.715303215133,0.6221263530216163
2684,481.1509147614549,7125.1708708271535,253.95993955345028,10291.405236542127,0.7629702168327501
2685,277.3540692685156,5132.151558937311,32.4207530246317,15389.021957177696,0.7756269460125544
2686,221.41761827632632,6440.783185157933,155.87829803355666,13353.626991445144,0.41826416440853553
2687,-189.8312392307938,37883.974210444154,0.0,60235.272498719016,0.6698992091497751
2691,163.97145699130033,4356.631583359801,-80.23309292456823,4743.096456344478,0.7895820571793186
2689,-13.010416580938957,5097.516064612941,89.38048697505043,4092.3674505352037,0.36564105111625733
2690,409.29796644293185,9919.533134395288,475.4439904622833,6656.718694694683,0.4159794755581107
2692,-1.9521655246193728,23263.723680985597,0.0,60235.272498719016,0.49811333649957074
2693,-72.00070966785061,11737.226158538586,46.86426690651997,4771.892446586435,0.35182515553062765
2694,16.14333790348192,8022.640559683798,-248.22365973745323,16323.094898621468,0.7881805150144282
2695,207.22100860143382,16838.803952751376,227.98176806483644,4406.859300516576,0.47413121795469154
2680,72.57253182325299,3814.622705243949,238.3638482854442,7443.595853092117,0.2927372960572597
2688,-359.3911521034654,12633.352108263425,-113.15228054253828,10643.235759665036,0.7735998450655379
2679,6.076342782057155,3963.0912878054482,-30.364179271968844,3632.811072877211,0.4506565608214127
2669,-30.364179271968855,3668.6402361551013,-144.25943643813812,27447.470620268523,0.6320141945667993
2677,-248.22365973745323,23311.939464047904,-189.8312392307938,36389.312971796804,0.5609261568027999
2647,481.1509147614549,8908.700400585267,0.0,40184.006224803445,0.9002219064509421
2646,16.143337903481925,7857.527692722738,-72.58013605891878,32950.997890082544,0.5992183515761016
2645,-185.94010010634813,22180.610737570914,0.0,43796.43533682028,0.6829779856174942
2644,72.57253182325297,3862.2692779321264,299.39636707185616,27824.13781315652,0.7470139803565734
2643,46.864266906519966,4911.1903326045385,-359.3911521034654,13721.251049050412,0.8918924047452352
2678,72.278624296816,3335.6748676568645,299.39636707185616,25744.667629163327,0.7499150622514976
2641,163.97145699130036,5634.118390392284,-30.364179271968855,3668.6402361551013,0.7404748725691923
2640,-72.00070966785061,11218.747414823762,-359.3911521034654,13721.251049050412,0.8064704546139136
2639,-72.58013605891878,32950.997890082544,0.0,43796.43533682028,0.5712609668978297
2638,0.0,40184.006224803445,32.4207530246317,17615.243940266053,0.5341687633738565
2637,-248.22365973745323,23311.939464047904,299.39636707185616,25744.667629163327,0.9263415609005472
2636,-189.8312392307938,36389.312971796804,72.278624296816,3419.0964689118828,0.7701430021502262
2635,221.41761827632632,8450.63608317253,227.98176806483644,5037.390148672802,0.5085721640061421
2634,72.57253182325297,3862.2692779321264,-185.94010010634813,22180.610737570914,0.7812520360098557
2633,-102.8427018362542,33328.29668720674,-80.23309292456823,4770.019705406591,0.4741272018091263
2632,-13.010416580938946,5528.764281379414,238.3638482854442,8949.1990410214,0.7888467127052665
2631,277.3540692685156,6478.595683304068,155.87829803355666,12890.403413508995,0.6488929723739386
2630,6.076342782057146,4791.466504589642,-113.15228054253829,11373.090314687317,0.6488909827027823
2629,409.29796644293185,9615.58958312064,207.22100860143382,27378.192987902312,0.7188366049097288
2627,481.1509147614549,8908.700400585267,-1.9521655246193816,31326.1689054601,0.9081704116448786
2626,207.87156298513372,6390.031907407532,-144.25943643813812,27447.470620268523,0.8438157623686439
2625,475.4439904622833,9026.82150496275,253.95993955345028,11414.209822477362,0.24601213165962466
2624,16.143337903481925,7857.527692722738,89.38048697505043,4109.223148567169,0.5954796874424813
2648,32.4207530246317,17615.243940266053,409.29796644293185,9615.58958312064,0.8663174779202529
2649,277.3540692685156,6478.595683304068,221.41761827632632,8450.63608317253,0.42806416949220405
2642,89.38048697505043,4109.223148567169,238.3638482854442,8949.1990410214,0.31363918374151517
2651,-72.00070966785061,11218.747414823762,-80.23309292456823,4770.019705406591,0.510584860394356
2659,163.97145699130036,5634.118390392284,6.076342782057146,4791.466504589642,0.3006248688520494
2660,155.87829803355666,12890.403413508995,-1.9521655246193816,31326.1689054601,0.6698700591682162
2661,299.39636707185616,25744.667629163327,89.38048697505043,4109.223148567169,0.7330344173630514
2662,0.0,40184.006224803445,277.3540692685156,6478.595683304068,0.7763106386444123
2663,207.87156298513372,6390.031907407532,-80.23309292456823,4770.019705406591,0.8241126402378677
2664,6.076342782057146,4791.466504589642,-72.00070966785061,11218.747414823762,0.40083383744723233
2665,238.3638482854442,8949.1990410214,-185.94010010634813,22180.610737570914,0.8887300384948131
2666,481.1509147614549,8908.700400585267,32.4207530246317,17615.243940266053,0.9048711941406588
2667,39.16512992205931,7813.876653405937,-359.3911521034654,13721.251049050412,0.8847402449030809
2668,72.278624296816,3419.0964689118828,16.143337903481925,7857.527692722738,0.5738571774489882
2670,-113.15228054253829,11373.090314687317,46.864266906519966,4911.1903326045385,0.6953573638321959
2671,253.95993955345028,11414.209822477362,207.22100860143382,27378.192987902312,0.5531816797048136
2672,-102.8427018362542,33328.29668720674,163.97145699130036,5634.118390392284,0.7748850878501513
2650,-1.9521655246193816,31326.1689054601,227.98176806483644,5037.390148672802,0.7453363688362619
2674,72.57253182325297,3862.2692779321264,0.0,43796.43533682028,0.4208518425348603
2675,-72.58013605891878,32950.997890082544,-13.010416580938946,5528.764281379414,0.5677370396856108
2676,221.41761827632632,8450.63608317253,409.29796644293185,9615.58958312064,0.2767666018164799
2658,475.4439904622833,9026.82150496275,207.22100860143382,27378.192987902312,0.2214340916361508
2657,253.95993955345028,11414.209822477362,155.87829803355666,12890.403413508995,0.618228559092666
2673,227.98176806483644,5037.390148672802,475.4439904622833,9026.82150496275,0.7858830994408669
2656,207.87156298513372,6390.031907407532,-102.8427018362542,33328.29668720674,0.8087467384623324
2653,-248.22365973745323,23311.939464047904,72.278624296816,3419.0964689118828,0.8296026356902891
2654,-13.010416580938946,5528.764281379414,-189.8312392307938,36389.312971796804,0.3096445793833831
2655,-113.15228054253829,11373.090314687317,-144.25943643813812,27447.470620268523,0.5354556613314073
2712,-17.397395309420094,3499.23634037543,-87.25397249001921,20196.298843556357,0.414809738449904
2713,16.64486317297818,5150.987096102642,86.9843328372196,3253.3816874889194,0.593934415412561
2714,-87.25397249001921,17408.233660255006,86.9843328372196,3194.730809088004,0.7062737926073251
2716,44.19774965377824,4686.1561612540045,86.9843328372196,3194.730809088004,0.5577546175453655
2717,96.79552116302428,3800.3203147627355,16.644863172978198,5108.674421847444,0.6063231753153109
2715,86.9843328372196,3194.730809088004,-17.3973953094201,3427.70150483906,0.6391570464644121
2719,78.35965855066623,3668.4968376904244,-5.464953199398983,4965.955093458084,0.6112474796219226
2720,78.35965855066621,3754.4361017771425,110.73767280142926,3007.302213019003,0.544129215746756
2721,78.35965855066621,3754.4361017771425,228.4951901194888,4587.746525810938,0.6928940659441409
2722,78.35965855066621,3754.4361017771425,-113.45617935745067,4504.7944089663815,0.739198499427302
2718,1.7032604962882354,6755.32588557404,-19.011780364697884,9006.939745481754,0.5266517171767686
2752,13.254048270231438,8134.814629306665,-222.7626187721656,17771.78442711021,0.761444477224859
2756,159.4319204962799,5161.798311680031,478.7764226091012,8152.166477292353,0.8447789483682093
2755,-200.6531562912994,13278.184251983734,-98.78461991021808,9168.217469529374,0.6238223242468293
2757,164.52962729853476,5763.038650956265,77.45466169120063,3256.597667719555,0.3848739122557707
2758,150.35647576367992,5266.858863613841,282.1420407719149,4931.172664080583,0.6693048900219014
2759,-15.630213187153856,4988.097878105546,229.99482452264772,4054.9356472051663,0.7909521189843014
2753,294.27895969024155,4845.973292640709,236.84944440865067,6145.6519072048295,0.5756750454804274
2751,105.45204040932246,3718.224437229321,280.05892891647204,5845.671066291411,0.7190164013353171
2754,30.130033458501863,9095.29427350393,-36.546802541953845,6051.001324171036,0.41459366511343854
2764,-77.75440008963733,11358.429466499658,-21.088018815799533,5326.617180645662,0.5720997115392016
2765,295.12502693833966,6870.585613049364,290.7605260464117,6297.516227409754,0.5057114866101836
2762,-12.4707214225047,7260.1428243361,99.91570815591945,4256.774667970478,0.3553210030852295
2760,96.59549832539885,5575.569712521603,137.80444212363344,8082.936004674513,0.5535707579222422
2766,-244.722820729947,18909.819339740832,-233.60935613241674,17730.036661793052,0.4871892876747937
2767,238.22213619971117,6426.126513445915,155.63535149243214,5707.116370079001,0.39277602680198265
2768,497.6228883887263,22592.560349056475,308.86539427519176,5774.639007633513,0.7136250364940938
2763,222.23326742385106,6455.028097244943,25.964172039855974,10106.116642388724,0.7335626619212717
2761,-1.1287482176076749,9007.652870610797,139.0193025922349,7501.008960669113,0.672854130659769
2769,-10.715034812708286,5242.124719508376,301.75624308954946,5747.681930336074,0.8428334778926024
2774,528.2432888732175,20302.23836554351,313.80068316402316,6681.299481215658,0.25984697737277873
2773,152.29468891227208,7317.666924540688,15.013481943715611,9672.74220179937,0.6691324303769656
2770,83.33736907876683,5498.1315460400065,-203.177566650647,15404.872506425352,0.18950055937385768
2775,-279.62010294925057,16490.858205805653,-15.13389662629291,8652.005998523624,0.787375526678801
2776,216.8577258383762,6231.9622375028375,230.30823330858658,6388.820971261441,0.4823428136677855
2777,175.85554910004856,5656.793931305123,156.91857076931944,7763.940812648689,0.5247239717287179
2772,83.92235612460284,4280.92881025464,-105.45893504067112,10776.080439502259,0.728204997077204
2771,273.68040640698376,6105.86632929758,12.678698529255374,7004.027617227783,0.7990701413239037
2778,340.50004889050666,6584.196842931728,234.95087486616214,6111.362060514096,0.6353329247980237
2779,5.677187215220088,6952.32542998575,-121.86107350451051,10363.335169669508,0.34237389031037846
2783,-0.2638209244512178,9197.297066797233,-290.3527087485105,15839.883587627064,0.19149716512614368
2784,57.37994687455643,5486.394785780473,-6.165170374389953,8481.092253713183,0.4179514049092453
2785,304.1124755901678,5752.584875653358,189.17423365376823,5553.969510446806,0.6479720343164337
2786,282.42986615185646,6125.032644649788,452.7670551689218,16859.579215373513,0.6998028925820299
2780,136.84418750715722,7506.204970364749,89.52859235696162,4346.8843676061315,0.5621451851011918
2723,-73.97908155879726,25839.451963561085,-176.46539749380625,22260.030728183945,0.3892210328183101
2724,-176.46539749380625,21908.358423906386,38.782185448371585,5407.454565323408,0.7405796340213506
2725,236.39044165379033,4651.788234478176,221.26964789429658,6005.269678079923,0.47989650491401104
2727,-34.058024328577226,3364.794563467158,32.087090993777835,4547.541605903245,0.4112570691147827
2726,-73.97908155879726,25255.067187223685,38.7821854483716,5454.152284381763,0.631005080889399
2729,78.77669950948345,4355.995529613652,315.40019856099934,5718.55693998902,0.7812581795866882
2737,-118.92007359159021,4578.232008923166,76.49732306109874,3479.493196009636,0.7432514162350874
2738,221.73654107609266,5591.822541826198,315.40019856099934,5922.442991445579,0.37843100917473815
2736,-195.12376663868483,23206.9241541795,-146.46940294683498,18559.438975370744,0.5546215794047789
2734,-146.46940294683498,16251.012921690797,315.40019856099934,5922.442991445579,0.9145992934018139
2733,-195.12376663868483,19636.69245176301,315.40019856099934,5922.442991445579,0.9304946380067496
2735,-18.905556702161682,4573.079547887232,13.50458915464502,5663.379867252983,0.4568680318901781
2731,221.73654107609266,5520.31703892659,239.2947343224578,5932.305486098636,0.523218107511894
2730,-195.12376663868483,19636.69245176301,76.49732306109875,4737.009452458699,0.7942575815631774
2728,-146.46940294683498,16251.012921690797,153.26448988642142,7250.524836795942,0.8177993506735465
2732,-195.12376663868483,19636.69245176301,54.300896173341506,5300.3045438522395,0.774554002039871
2743,-146.96328992307627,15213.861749570313,86.73866832778839,4676.106869855458,0.7661176209370241
2745,-125.592022036865,5801.767040693529,-146.96328992307627,14194.935094897563,0.5268170647354766
2739,-146.96328992307627,14194.935094897563,257.2675985015548,5826.414405154367,0.8893736969227831
2740,86.73866832778839,4725.805891921567,257.2675985015548,5905.106855543824,0.28675965616197674
2741,-72.2192986656753,6821.116713869375,-146.96328992307627,14194.935094897563,0.4076394085397158
2742,-281.3935110208716,18815.392303545963,86.73866832778839,4725.805891921567,0.8649770729892534
2744,-72.21929866567531,12331.613285080657,86.73866832778839,4725.805891921567,0.6933978084210151
2746,119.70129005793126,4441.231134525085,122.31818795330054,3104.970566748286,0.4964443058707809
2747,57.254332820725246,5429.995146084841,119.70129005793126,4445.554503649695,0.5827783108373197
2749,-131.2914726693787,11656.55978135205,-161.92925346767944,11462.051250266444,0.46225285963546037
2750,334.2118497699302,3800.493501606971,237.86895911103758,5637.33572706738,0.6265572389683509
2748,75.88755874129292,4635.427396990353,228.26581985478427,5267.752907149239,0.30631292169170304
2814,157.19016360995008,9115.804557324147,398.73659328939266,7376.786637943016,0.7774429350816976
2813,356.2298122475992,6465.527419922393,212.60044281457095,6227.144174059279,0.680607628261327
2812,23.960937688856315,8013.190779542445,94.96442994612684,4796.079234000657,0.5921439087935472
2798,23.960937688856326,8603.8470894037,141.18719632242411,4315.47033056408,0.649299304955482
2790,183.68176984554106,5476.694316419964,0.0,60235.272498719016,0.31891769569062767
2791,-3.951007686716902,4558.548192809814,38.07379199765316,7651.905128822274,0.4448741133474162
2792,306.77602081975704,5521.275902665495,278.4858885681051,17063.318913897874,0.5349656368016115
2793,-263.5023555491494,28996.106580008225,109.92175175354211,4660.987473431406,0.8575750199810426
2794,0.0,60235.272498719016,171.22676086043634,10261.856617841078,0.33294016322496683
2795,511.79814690643093,8659.689238203782,1.81990189148314,4972.864721929361,0.9394823534426322
2796,403.3851163905588,5936.578530499963,206.16947053073957,5381.311078460173,0.7408785676499714
2797,212.60044281457095,7238.025396125995,46.22842731608544,5498.802892727201,0.7062081213302706
2811,278.4858885681051,16785.4352674144,46.22842731608545,5744.74904144106,0.7617340046290485
2789,19.673720180818943,10140.538541091564,157.19016360995008,15560.836156732012,0.6619773267907765
2799,94.96442994612684,5058.290643183695,356.2298122475992,7295.0821002954135,0.8002990705728846
2801,-186.76357455747532,14039.009626613713,1.81990189148314,7285.8634371147,0.7204518733702674
2803,19.673720180818943,13825.383854835167,183.68176984554106,6427.158548582748,0.6957065387430644
2804,0.0,43587.82602177386,-3.951007686716901,5156.00997889969,0.5043208908380515
2805,38.07379199765316,9308.028165607182,171.22676086043634,11707.8167903292,0.6609106162132694
2806,141.18719632242411,4625.57687167725,306.77602081975704,6030.075745391379,0.7077421941007718
2807,206.16947053073957,5653.297867478515,-263.5023555491494,33996.80904242921,0.9028045247399856
2808,162.12483608334722,7401.106986435309,0.0,43178.41224635131,0.33002405021995995
2809,-1.11658032846701,5565.997476140272,511.79814690643093,10889.197781818142,0.9382759961077359
2810,109.92175175354211,5054.713440796751,403.3851163905588,8404.86874186065,0.8252876437965506
2800,398.73659328939266,9315.842285681245,165.94944263314858,7171.397832214477,0.7693652006048476
2787,162.12483608334722,7793.592313782904,-186.76357455747532,18542.308069556075,0.8496577392048745
2841,105.07887305404172,4966.177320931795,374.6249880038385,7119.818679881919,0.8077169186076653
2842,257.2239633044901,15611.20795799389,242.52157370425118,41939.167460440854,0.484473982559123
2840,-19.571153951599733,8140.6481531029585,-6.047580997788124,6331.790458111304,0.517546707701831
2826,1.2296646623214935,5014.741615506698,257.2239633044901,13839.554573743284,0.787437482264928
2838,277.98757196825295,41689.41417094063,516.7647594414734,10763.157192561273,0.2607793305312906
2815,-300.5949160507995,34174.20229419219,-19.571153951599733,7647.068403208999,0.7837419260920939
2816,23.08171654243843,5570.909024913353,-31.192697322197606,12961.822818526933,0.5683512298285752
2817,-11.392387954573133,8825.959258123286,-228.92636217811295,18158.990762474205,0.7430957254094831
2819,5.442677270116069,7001.127887798123,97.56338411472211,4962.436828400726,0.619306321213855
2820,149.4962350664665,8250.805994934359,148.72622401242302,7599.14487235248,0.49900898366207946
2821,208.68962504463613,6969.877752791905,174.64981647603284,6139.462411070608,0.5444544971464791
2822,329.5096541566947,5888.20369802036,277.98757196825295,34077.28685236738,0.44172349146525935
2823,242.52157370425118,31121.245531080964,516.7647594414734,10197.13433360808,0.778741191438211
2824,421.91474747438735,8213.373777454202,138.21436208896995,4518.863617403282,0.818508916199106
2839,23.08171654243844,5352.734109825956,1.2296646623214778,4914.45820939103,0.4708878012008766
2825,-6.047580997788122,6038.030950851631,199.4625355212929,5625.275679003694,0.7489171614471082
2827,374.6249880038385,6907.240392820566,417.59252234696334,9013.64581410227,0.5550702239362877
2828,164.29905518986737,10786.99266005045,158.86767561804027,14288.137164836067,0.5066323023875978
2829,-228.92636217811295,16459.37929930177,-300.5949160507995,29541.578334677833,0.42128895020957
2831,158.86767561804027,12790.796552447746,149.4962350664665,7742.846800227823,0.48826821498553796
2832,199.4625355212929,5465.548936633542,164.29905518986737,9920.121458539757,0.4547296599889401
2833,138.21436208896992,4451.565113518256,-11.39238795457313,8421.456305074304,0.6872662204379064
2834,97.56338411472211,4801.57497559779,148.72622401242302,7169.5091518103,0.43290725027189353
2835,174.64981647603284,5866.531048233012,5.4426772701160555,6662.797435107679,0.7095629090793589
2836,417.59252234696334,8415.526829251936,421.91474747438735,7939.895372524375,0.5055455662560958
2837,208.68962504463613,6613.752513989386,329.5096541566947,5641.720934170123,0.6542106579541999
2870,155.36532988408206,7017.860498784665,231.0146526918359,9729.584691217537,0.5957395775647989
2869,414.6074318876921,7951.295469051039,503.71728650206995,9294.611322307086,0.6119618952708732
2868,144.46274995691275,7285.397344027048,11.449326416039124,4727.44223064438,0.6689312252801102
2849,91.73120031851619,11751.978020879367,-258.7071340310452,21840.839318389888,0.8429492717317617
2866,451.084765665056,7598.94425141233,333.7220425570068,5494.670384177543,0.6493094409573253
2867,168.84493056306246,5699.947708119163,-31.49090343822719,7382.09666440727,0.7418754360321066
2845,17.312282378323374,5132.409626992852,-19.15605941313222,6491.535761211303,0.451936649736016
2846,414.6074318876921,7509.372072922735,292.81353490765605,28887.66938917049,0.6374167327005189
2843,-15.282744182958432,8133.406567214851,-31.490903438227196,7088.114254270335,0.4790706398250989
2848,212.5568931348507,6315.180331921091,1.6226366348552117,5818.8666858504175,0.2462411669313297
2850,144.46274995691277,6944.246528828544,333.7220425570068,5301.950696627734,0.7314336381907895
2851,121.46973704648467,4627.6609826814065,503.71728650206995,8688.395113956289,0.8847217910353945
2852,451.084765665056,7214.731856179358,542.4812510785385,42055.70090035784,0.401382086159112
2853,155.36532988408206,6670.025898546432,11.449326416039131,4594.938641476103,0.6824345976770942
2854,101.03610484376776,4871.614905092258,238.24905979916988,12966.429726481349,0.6682813747665856
2847,168.84493056306246,5532.513610108525,141.0591100057118,4341.101630231225,0.4629094868719841
2856,195.31401826204691,5222.9047660189135,-68.16797374459914,11827.47992047619,0.7961472503064865
2857,-258.7071340310452,20325.151695381617,17.312282378323367,4947.493861736864,0.7968753965207194
2858,212.5568931348507,6112.2035700411925,91.73120031851619,11315.018646755318,0.35028430050739123
2860,121.46973704648467,4588.446862254352,238.24905979916988,11887.432176548027,0.3542585263642543
2861,-19.156059413132223,6184.960674837276,101.03610484376776,4731.010099790902,0.6546985178512321
2862,141.0591100057118,4214.041914624428,195.31401826204691,5115.738548500872,0.5723340326394218
2863,-68.16797374459912,11199.025021512347,-300.363506447061,15614.279976951844,0.7569702795903113
2864,365.93717187375466,6486.98218294101,542.4812510785385,31712.418277167777,0.6929418646580845
2865,1.622636634855214,5649.638557946929,292.81353490765605,23829.838886850426,0.8044116954427597
2855,231.0146526918359,9053.65818925665,365.93717187375466,6247.572102125893,0.6679891895738703
2979,-54.30179399903822,10409.65182223199,136.6088527798248,4425.81336376849,0.730054886535952
2980,-89.30666458409594,12202.411098694683,16.664500626752787,6601.973066414291,0.6311550710446199
2981,-585.2350019052948,17522.58502754742,-11.821343780204467,5920.287001485075,0.9509270349322146
2982,144.2927514719502,4097.960761381699,101.86858233500199,4584.663154233098,0.5569556230427586
2984,-121.6786096957867,9253.618174864776,277.7744910354162,6062.402070295396,0.8918579178942565
2983,-136.59888185053867,7659.738571414513,214.8582724068707,4943.76463287691,0.8672320818128153
2987,-75.08135861411026,13572.573522473143,-145.91959384587264,11839.729116407285,0.4144096571193939
2986,-128.3852918739599,13303.600542217624,158.921901364719,5824.773491368796,0.8132800828835351
2988,-123.66038456203056,16708.866307633,88.11430910078866,6257.8813474902445,0.7418274915976801
2989,-9.567496910100134,7849.929304854747,220.70657461022788,6793.23697383894,0.7693101388308825
2985,-412.22709904079943,12822.247417929111,146.04982473673286,6196.843584597665,0.9497547026810191
2966,165.25624305937268,5857.155302249194,-311.7059778002419,21139.69273522238,0.9166385603806019
2968,-64.67766888898967,10700.175990981215,165.25624305937268,5841.188525654452,0.7666243307689998
2965,160.28434510449657,7512.7848382898255,165.25624305937268,5841.188525654452,0.5064985978758308
2970,153.79447150193053,6373.67760871856,-137.14524287074258,10314.730412773066,0.8191835736470082
2971,162.55828752940468,6836.684606018331,-137.14524287074258,12348.931245599844,0.8229109801691888
2972,153.79447150193053,8282.693935599604,162.55828752940468,13173.419795501899,0.5109144377555921
2969,160.28434510449657,12910.116734052306,-311.7059778002419,24623.285494703327,0.9056050818712571
2964,-64.67766888898966,12062.270014344507,-143.5077270220678,12889.840419399236,0.40472582689253345
2967,-143.5077270220678,14646.878490508412,160.28434510449657,12910.116734052306,0.8162879842796043
2973,-169.04581038109637,11027.109581036382,119.33831113740938,8618.92598515276,0.8135068235914602
2975,119.33831113740938,14902.515292011249,133.6283032315217,10534.452343298297,0.4825893153725535
2976,0.0,60235.272498719016,-169.04581038109637,12998.181366784507,0.33634766037280295
2977,-169.04581038109637,12998.181366784507,133.62830323152173,11557.57175158534,0.18116795645769673
2978,0.0,60235.272498719016,0.0,43108.64046535768,0.5000000037826422
2974,133.62830323152173,11557.57175158534,0.0,40183.58391725463,0.6410270047220611
2955,171.11384737168984,13243.671727558187,146.8733046484327,11865.720067438566,0.4704344002937346
2956,-82.110879183723,10657.434084259552,208.41339838572037,12065.186417998106,0.18847066137348145
2957,190.94129074046828,5478.716746874863,143.74813319844242,7761.01788178122,0.5614428873102963
2958,205.5170669606988,5452.858042814488,-35.843620040105186,9920.595928884413,0.7786771214525543
2959,152.8199189625609,11222.136587496198,179.2552003138624,11071.404589754322,0.46726834375623555
2960,122.23454601563724,7452.423216899748,139.4031538841057,11854.613302534717,0.5216356543657505
2991,-593.1081678970119,23599.205690585557,34.97096696959321,10190.364168527673,0.9580457337341808
2992,-416.74291751536896,17152.857448231865,-14.17704699049774,7724.343509280087,0.8834493607439571
2994,-109.62331548136814,10840.794280668279,102.2481303730425,6243.125703203279,0.7485891321706619
2995,209.61889776142058,5395.085425986449,233.3045865422848,6725.51600267666,0.5311681849928239
2996,147.2492255400948,6353.129586385516,285.2131728412929,9125.981287151608,0.32867249507856167
2993,-113.2658864329092,12452.47201340176,-136.0760413745774,12960.544324775892,0.5277794874216055
2961,165.66789881461494,10960.66505879021,197.0074100000409,5171.8059211643895,0.4598142746946959
2963,181.7710895488733,10498.946827518745,106.56871271190002,7103.133806946164,0.5947161801300724
2962,-44.533537472832876,9616.73522434563,151.2675883875239,10129.64900307835,0.7294996772525086
3002,-9.190269521245435,7929.956659436815,250.94393750543182,8930.564590585593,0.7935022541359954
3001,171.18947274248586,6366.051345118857,249.6483349113278,6730.131284465053,0.6014011652889785
3000,-84.87210146168087,11635.285798814402,109.11926412670779,6349.087031795282,0.7296133388941792
2998,-425.97803846737855,16890.247537664367,-119.80541231695969,10599.322275943823,0.8181668518959998
2997,181.77644786844883,4984.126566239146,38.0741227566355,10621.683134499122,0.6777683331949643
2883,-6.577307689865809,5337.800223263368,483.93953874824473,15776.270472587703,0.9268453763331275
2884,43.50274769030818,25510.831238732666,-1.7302453946765992,4452.8408197023955,0.5536745324431024
2885,259.07293626818097,8764.999033453963,-48.55680752190053,15245.975120151283,0.8232089066128532
2886,158.14483331084355,6249.40977840585,420.90492337192046,7178.765827432341,0.8001677321197285
2887,0.0,60235.272498719016,-135.20157875894762,23456.607077659424,0.37183970659494125
2901,-18.269686517605376,6756.045552941964,118.10276898380143,6300.249854538375,0.6718324074501658
2902,198.790764706085,7772.003602367379,198.489652228973,9327.269880473654,0.4996153741290732
2888,-48.37667282763792,17271.31686799987,167.62261237040028,5808.406350439975,0.7457838905104895
2889,-114.75778182181159,11295.892297975364,191.48547949105858,4961.598745200402,0.831485620954775
2890,160.11799255435642,5285.5996205699175,-143.49078188586637,15658.076135186411,0.8237726089665478
2912,167.62261237040028,8177.004868517436,-77.59519822571829,9505.766924186028,0.77930118345945
2881,146.01290425947712,6678.260814995656,198.790764706085,11749.439278687898,0.5665274575859544
2900,-106.20255252028056,5693.748716081524,146.01290425947712,8778.65276848205,0.7896007211584829
2873,-101.33190820726772,11045.793424587337,23.789946537514723,5497.323970231146,0.6554833856137394
2874,-164.54601610713084,23734.70288917145,197.85983872109705,10266.058295616269,0.8503160809302032
2872,20.42212935055058,15147.476453442792,14.316287679453534,4999.523372390697,0.5076612667477235
2871,-16.876971750061017,7842.936695291537,264.66557101444016,6590.5280169675125,0.8145451716097101
2875,168.46565070479966,9687.249548553174,73.92144985340383,10245.907788415587,0.6167915053315378
2876,0.0,60235.272498719016,337.14044967516776,5133.2024005523535,0.804941752293459
2877,198.489652228973,15392.362535451268,-106.20255252028056,8757.091896255446,0.8208335829427599
2878,247.55087241815195,7110.800862114389,368.89663231485594,5974.572624202673,0.6540836947912042
2899,264.66557101444016,6467.191297959758,337.14044967516776,7685.063127773848,0.593238816108939
2879,237.35122631523473,8524.654684905874,-18.269686517605372,8922.053161220372,0.7888411382534832
2891,-77.59519822571829,12654.384731352562,0.0,60235.272498719016,0.42291418836529526
2893,73.92144985340383,9942.763798171438,-164.54601610713084,26462.195648456418,0.7529573977569528
2894,23.789946537514727,7799.432237962704,43.5027476903082,25117.27525240988,0.4768819676843849
2895,197.85983872109705,10117.795765710907,168.46565070479969,9184.98556132881,0.46299748094471405
2896,237.35122631523473,10687.938328727292,20.422129350550577,17439.690506345785,0.7413476333669353
2897,-48.55680752190054,18867.507608241656,-6.577307689865812,9402.161073589545,0.5502640976532471
2880,118.10276898380143,6096.886638631017,20.392973451268457,10047.021237623369,0.623157980104461
2898,14.316287679453522,10308.179512430363,20.39297345126845,9390.57932187576,0.5076442931155318
2913,397.75839717528817,8058.425736691582,-48.55680752190054,18867.507608241656,0.9033920342303564
2904,158.14483331084355,6132.956657712095,-16.876971750061017,7639.621618666353,0.7144639952242313
2935,197.85983872109705,10117.795765710907,20.422129350550577,17439.690506345785,0.29710522172693377
2934,264.66557101444016,6467.191297959758,397.75839717528817,15388.369545906777,0.6601469472413319
2933,-1.730245394676595,6824.428623904821,23.789946537514727,7799.432237962704,0.5330490583047278
2932,167.62261237040028,8177.004868517436,-135.20157875894762,30289.42470270987,0.8040499159182493
2931,-77.59519822571829,12654.384731352562,-143.49078188586637,15214.380863386124,0.5787140794108463
2930,160.11799255435642,7795.469006202701,191.48547949105858,4932.8746771880715,0.4589210093224544
2929,43.5027476903082,25117.27525240988,-114.75778182181159,11287.661414308852,0.6758334101873086
2928,247.55087241815195,11327.008676240595,158.14483331084355,6132.956657712095,0.6121851341672723
2927,368.89663231485594,8218.618425010372,483.93953874824473,19147.999757544047,0.36429388113662275
2926,0.0,40839.772513446886,0.0,42109.03572528714,0.5000000037825099
2925,0.0,49407.131668117,-16.876971750061017,7639.621618666353,0.51785498389685
2903,368.89663231485594,8218.618425010372,397.75839717528817,15388.369545906777,0.5354715267155143
2923,198.489652228973,15392.362535451268,168.46565070479969,9184.98556132881,0.5367030987278782
2922,20.39297345126845,9390.57932187576,73.92144985340383,9942.763798171438,0.5671137440357147
2921,-106.20255252028056,8757.091896255446,-164.54601610713084,26462.195648456418,0.43264525620416683
2920,259.07293626818097,8527.060764331927,264.66557101444016,6467.191297959758,0.4927647593900693
2919,14.316287679453522,10308.179512430363,-18.269686517605372,8922.053161220372,0.45897802014758715
2917,20.422129350550577,17439.690506345785,198.790764706085,11749.439278687898,0.7023630949945912
2916,118.10276898380143,6096.886638631017,237.35122631523473,10687.938328727292,0.3516024937858565
2915,-48.37667282763792,24937.68308439568,-101.33190820726772,10282.661273371443,0.5611913866470863
2914,146.01290425947712,8778.65276848205,197.85983872109705,10117.795765710907,0.5651901886700534
2936,-143.49078188586637,15214.380863386124,-101.33190820726772,10282.661273371443,0.5512068735559464
2937,73.92144985340383,9942.763798171438,198.489652228973,15392.362535451268,0.6478469970960833
2924,337.14044967516776,7685.063127773848,420.90492337192046,9487.624651998543,0.3945197143376822
2940,-18.269686517605372,8922.053161220372,-106.20255252028056,8757.091896255446,0.6102547931547885
2944,168.46565070479969,9184.98556132881,118.10276898380143,6096.886638631017,0.5647077537415558
2945,483.93953874824473,19147.999757544047,247.55087241815195,11327.008676240595,0.24303868296892428
2947,-114.75778182181159,11287.661414308852,0.0,40839.772513446886,0.6216742698390149
2948,420.90492337192046,9487.624651998543,368.89663231485594,8218.618425010372,0.43415707220531996
2949,-48.55680752190054,18867.507608241656,158.14483331084355,6132.956657712095,0.7347290831033721
2950,0.0,42109.03572528714,43.5027476903082,25117.27525240988,0.5442630074902811
2951,-1.730245394676595,6824.428623904821,160.11799255435642,7795.469006202701,0.6991354912839345
2952,191.48547949105858,4932.8746771880715,-77.59519822571829,12654.384731352562,0.8002348105376993
2943,20.39297345126845,9390.57932187576,146.01290425947712,8778.65276848205,0.6546763321072988
2953,23.789946537514727,7799.432237962704,167.62261237040028,8177.004868517436,0.6775560796983715
2911,-135.20157875894762,30289.42470270987,160.11799255435642,7795.469006202701,0.20133596770555212
2910,0.0,40839.772513446886,-48.37667282763792,24937.68308439568,0.45055340272905264
2909,191.48547949105858,4932.8746771880715,-1.730245394676595,6824.428623904821,0.736176390098242
2908,-101.33190820726772,10282.661273371443,-114.75778182181159,11287.661414308852,0.5167066360321225
2907,420.90492337192046,9487.624651998543,0.0,49407.131668117,0.8623024953193404
2906,483.93953874824473,19147.999757544047,259.07293626818097,8527.060764331927,0.74927745205038
2938,198.790764706085,11749.439278687898,237.35122631523473,10687.938328727292,0.5476378740303249
2905,-143.49078188586637,15214.380863386124,0.0,42109.03572528714,0.35215536336047826
2954,-135.20157875894762,30289.42470270987,-48.37667282763792,24937.68308439568,0.40835747754665913
2942,-164.54601610713084,26462.195648456418,14.316287679453522,10308.179512430363,0.3036113129159774
2946,-6.577307689865812,9402.161073589545,0.0,49407.131668117,0.49308561117878197
2941,337.14044967516776,7685.063127773848,259.07293626818097,8527.060764331927,0.599036779074247
3006,237.5161114976102,5701.676999262577,146.89358769918874,5449.898411469381,0.6180299939396601
3003,-177.62964882805005,11460.22105738127,-55.46066098008281,6985.3552575237145,0.6504443820412781
3004,-113.92255838213427,10365.99899724953,-168.99029658379789,12263.80608089722,0.432232568274332
3005,-443.4911872757883,16125.496582632775,-603.189132841538,23565.76896516124,0.6748946602241154
3007,-14.171642865044149,7824.7227307430285,156.44138761422852,5532.990701005189,0.7101543985250545
3008,190.4701269851596,4570.728745348687,261.33043931308225,7248.004088167662,0.5925349898360381
3020,134.50968988895352,5339.613874086529,414.89349192427267,12674.316366514897,0.8090708827412769
3009,306.49777188968824,12560.73402353954,280.01819840293314,6953.877342111527,0.4666966618992304
3010,414.89349192427267,12106.787052192763,399.83224502382217,6667.070195347388,0.5190412049996601
3019,399.83224502382217,6451.929786884284,392.453850980773,7960.269549631488,0.4904204668809721
3012,392.453850980773,7597.971177932849,134.50968988895352,5258.633249448695,0.7967487993881498
3013,134.50968988895352,5258.633249448695,306.49777188968824,11501.777801237009,0.2921149735581261
3014,414.89349192427267,12106.787052192763,468.98835306170326,12955.290566970109,0.5657217538399738
3015,399.83224502382217,6451.929786884284,215.56935067166867,7701.385780908408,0.7238904205603037
3016,280.01819840293314,6620.435033856907,392.453850980773,7597.971177932849,0.35757195278732296
3018,280.01819840293314,6620.435033856907,468.98835306170326,11844.861897832729,0.276079411602794
3017,306.49777188968824,11501.777801237009,215.56935067166867,7477.780198314275,0.3869380747237573
3011,468.98835306170326,11844.861897832729,215.56935067166867,7477.780198314275,0.7846099184680694
3112,194.80321312443058,9209.7891672347,125.86309921981056,7517.338382776836,0.5874265761078558
3111,-117.06083346239066,13670.783419860767,79.08093607008101,17790.00698552595,0.7180587148824149
3110,306.13702785516,9733.04712585819,379.1845058498488,5828.429840376089,0.5931665832417417
3107,96.38750078209371,6873.256126466293,183.7575612456888,4509.365910311581,0.6137702266375249
3105,-333.49242793411787,37332.5244315948,-147.72602394628822,11845.060143242472,0.6936908474765291
3108,433.3144045246106,10129.615563592168,170.92565966021502,5474.041473758327,0.7970357543935933
3106,415.1210491284071,23992.333966406833,-56.59245275591653,10217.617184424482,0.908290915510647
3113,360.60766974829414,7119.762295993952,242.099248719789,5579.264056627178,0.34896481379538513
3109,-143.81300240150927,9738.099672564478,0.0,60235.272498719016,0.358096129196806
3114,0.0,60235.272498719016,-5.091844264103397,7626.769259008396,0.49481940244896183
3103,-45.10010047903422,6126.413629225475,-36.788923021088216,9127.985642166203,0.48926580207080794
3104,422.8824672301454,6862.74247409165,142.65251170136023,4928.990253338814,0.8169497221015963
3121,-115.60288386087436,45214.527181586,-134.10232042668306,13948.481343858644,0.5194145207357339
3115,108.23501884062753,17318.039660825445,84.03497132689444,7354.353655421641,0.47041479620468807
3116,275.8862152963626,8886.840427007735,432.68852611041507,7341.8468849634,0.6918616867651572
3117,-57.19608480806981,10725.220879342323,-114.20462904443887,9485.586664891469,0.5710711665158428
3118,-130.66683791077276,12128.183851279013,-71.11539502434013,12599.866480188794,0.42760089803584844
3119,197.78052212249054,4939.59913254939,327.7730119336456,10152.794696139581,0.6624576925922423
3120,288.680443853296,9724.013341155336,-23.385473356132962,6435.324043842881,0.8359279927137996
3122,142.7145936115361,5342.682306443148,427.77079744499446,28856.119916667234,0.7945309582118221
3123,-161.05675521072268,46230.308784320034,-388.98647170480143,43297.099725550426,0.2943827588627739
3124,167.65796946865768,5902.340839494412,217.3109889431193,9263.665239314596,0.4361501794149949
3125,396.146941175174,6112.739262732698,447.4751431862848,10273.88826675641,0.4345012994475563
3126,14.564276046487116,7841.688347941475,112.55546380967911,7732.47716345644,0.37609260969213676
3138,-108.88391829867021,11712.717539531051,62.128732620887625,14571.920238325894,0.6974162667480576
3128,414.232090777567,6008.689693868304,443.32902130230946,7189.388239508873,0.5380030736325163
3129,83.9957306955944,7402.699321867528,-29.36351098675245,31781.013084213395,0.6267301705720688
3130,186.42041190721758,8721.472689927958,-87.90990672318324,10767.223879816784,0.8022832291024036
3137,344.5217497125764,9678.744405906426,421.14419761985425,9382.223441119695,0.5956660490223515
3131,-34.86774456680777,10044.465781799647,138.09175281353703,5403.930388967225,0.7103581091264469
3132,453.79085787901704,27003.16096540864,298.16767365536856,9506.260091574997,0.32695996631985835
3133,-144.95741233149937,9174.009790191301,-277.49368802673007,26965.099145551787,0.6490882304742296
3134,264.90799899462326,8568.993490019217,186.2672798058204,5769.455956584644,0.6008639068894377
3135,-166.4141778989872,12985.892501560777,-315.1455399928102,43868.560066789076,0.6532113184253551
3136,-33.03857355850824,6460.2184295051065,104.79407834754075,7030.7949868558535,0.6731005250726632
3127,191.17747013316293,4915.615403195526,43.05077790766414,7463.572271441867,0.6860995680540978
3150,145.60001879661723,5367.039819851179,196.8090253375855,8574.41357623166,0.43367442922208715
3149,-337.69567013690323,25284.320345462813,96.82456359191158,7244.821596512715,0.8925576923152027
3148,467.3345444176405,6988.046160707632,332.71543844181366,9000.554008961324,0.6669991383446693
3146,-125.24270757402803,11172.885830302299,-154.33936630529726,12136.04425195923,0.4641827410196564
3140,30.805482517754786,7311.909530873063,-136.38581455658684,8934.865360349779,0.7032495950176779
3144,-392.78530032625105,41383.31674881723,-78.70898935486865,26678.589774125714,0.7865084566730661
3143,284.20779374115955,8200.199219481467,405.4165043136022,5865.515772440683,0.3469568475187944
3141,119.34711776230642,6875.853304650264,329.44948064290736,9115.082942252959,0.7481478554710248
3139,444.45092779531274,9038.52662437345,373.2329493348937,19434.63350518725,0.5847088024237885
3145,-101.08475560589667,10655.85769075089,-41.465302727905545,6410.879171770529,0.42436480353699363
3147,83.8075791659162,13847.47714089487,-49.497906368634546,9560.641321524969,0.6591253936756846
3142,177.53569067987095,5715.696314108759,199.92581989644262,4930.258516176011,0.5297525251121384
3032,0.0,60235.272498719016,-52.47167537615576,24106.956806658865,0.4495643741554507
3037,0.0,40486.37378150131,-353.23632601095284,25017.09049502885,0.18427041873342653
3036,-88.22334940123005,24259.8551020006,-149.3662272405815,7665.313063675087,0.5716597121998828
3035,0.0,60235.272498719016,-88.22334940123005,25267.143832803748,0.415931900731386
3034,0.0,60235.272498719016,-279.1787054942696,22333.706729635123,0.7502065017741691
3033,-190.73737201459102,9669.731266632223,-353.23632601095284,23318.403669411626,0.6828420182485518
3031,-149.3662272405815,8577.725019002399,-82.68356396462248,8403.914994253028,0.5844889940543625
3030,-149.3662272405815,8577.725019002399,-120.4387568383986,11131.855936340731,0.5363319908314619
3029,-88.22334940123005,25267.143832803748,-353.23632601095284,23318.403669411626,0.7645646159579872
3027,0.0,60235.272498719016,-88.22334940123005,25267.143832803748,0.415931900731386
3026,-52.471675376155765,20382.69032987042,-279.1787054942696,25662.599987135007,0.26613938682588023
3025,-52.471675376155765,20382.69032987042,-353.23632601095284,23318.403669411626,0.20260818975196826
3024,-52.471675376155765,20382.69032987042,-120.4387568383986,10466.363316698746,0.42004046843966747
3023,0.0,60235.272498719016,-279.1787054942696,25662.599987135007,0.2519417339499539
3022,-52.471675376155765,20382.69032987042,-149.3662272405815,8577.725019002399,0.38585681662224525
3021,0.0,40486.37378150131,-149.3662272405815,8577.725019002399,0.3416806822366033
3028,-190.73737201459102,10430.928323978627,-149.3662272405815,8577.725019002399,0.4479172419067174
3056,-253.50718266291855,14631.46536201625,15.942402477548333,4848.1861034326885,0.7982174377227209
3055,-202.1176004391646,10187.251784128257,-181.12211026247135,6720.372824257219,0.5268259988647812
3057,-253.50718266291855,13820.965483602497,-181.12211026247135,6522.648130376894,0.5898366859271141
3046,-285.8769392299343,14375.945757096635,15.942402477548347,8945.471495278545,0.8196074013382797
3059,66.55890582188165,17383.98033582028,-86.16587480561466,9897.582429765313,0.32278337329669626
3060,-253.50718266291855,13820.965483602497,66.55890582188165,15660.91606341882,0.8262519128272133
3054,-253.50718266291855,13820.965483602497,-188.16011567239167,23383.763140052117,0.5746540488506697
3058,-410.2860119234574,40201.57855161045,66.55890582188165,15660.91606341882,0.8929770522071052
3053,-253.50718266291855,13820.965483602497,-163.7514675514887,25189.547854085584,0.6011351240208022
3044,-202.1176004391646,16461.752531207487,-253.50718266291855,13820.965483602497,0.5608235036973777
3051,66.55890582188165,15660.91606341882,-285.8769392299343,13703.542118971825,0.8487087756847147
3050,-410.2860119234574,37481.591782294985,-163.75146755148867,22250.502732965,0.740165572759292
3049,-285.8769392299343,13703.542118971825,-188.16011567239167,20895.23465548118,0.3879471079257761
3048,-202.1176004391646,16461.752531207487,0.0,60235.272498719016,0.30888608130679845
3047,-253.50718266291855,13820.965483602497,0.0,60235.272498719016,0.7357330369017077
3041,-410.2860119234574,37481.591782294985,-253.50718266291855,13820.965483602497,0.6642925114787436
3045,-182.2436590053899,47533.815633099955,-253.50718266291855,13820.965483602497,0.4262432479619118
3061,-202.1176004391646,16461.752531207487,0.0,46142.570673839786,0.699642030407257
3052,-253.50718266291855,13820.965483602497,-432.4328744388663,38299.67884621439,0.6851646446374089
3062,-285.8769392299343,13703.542118971825,0.0,46142.570673839786,0.77182562067912
3042,66.55890582188165,15660.91606341882,-188.16011567239167,20895.23465548118,0.7670107016034744
3038,0.0,44224.80132351662,66.55890582188165,15660.91606341882,0.569312524711435
3039,0.0,46142.570673839786,-181.12211026247135,6522.648130376894,0.6868831936172217
3040,-188.16011567239167,20895.23465548118,-163.75146755148867,22250.502732965,0.527308690373043
3043,-169.1710947220582,16510.00679887322,-163.75146755148867,22250.502732965,0.5061876953921622
3063,-56.76018160172483,16821.606940750666,32.537050644844676,8752.615708866142,0.6072480385074703
3079,-319.95653625997454,8805.372598741144,-51.97607444826928,9709.564560832461,0.2018415489646085
3078,-319.95653625997454,8606.144184881265,-291.19689254444023,12057.098128682583,0.4640733805752336
3077,-183.05173133537588,12490.835713477409,59.06767379332029,12354.605535034081,0.7681404112414991
3076,0.0,60235.272498719016,-319.95653625997454,8606.144184881265,0.2098586042297399
3075,59.06767379332029,11747.804014359735,-54.679550930666096,9215.348388441895,0.6387029089702992
3074,59.06767379332029,11747.804014359735,-56.760181601724824,15008.567257823364,0.6370005093959451
3073,-291.19689254444023,11109.509968397946,32.53705064484469,8346.874113390082,0.8403291003847742
3071,-319.95653625997454,8606.144184881265,32.53705064484469,8346.874113390082,0.13732020177723198
3070,-183.05173133537588,11867.482857416384,-319.95653625997454,8606.144184881265,0.6656060160242704
3069,-510.9898630038449,37654.44837595708,-291.19689254444023,11109.509968397946,0.7254542206197869
3068,-319.95653625997454,8606.144184881265,-54.679550930666096,8925.92285354895,0.7970800559707135
3067,-319.95653625997454,8606.144184881265,-56.760181601724824,15008.567257823364,0.21197834729080361
3066,59.06767379332029,11747.804014359735,-159.93294625938398,6158.886657869242,0.754558215111585
3065,-319.95653625997454,8606.144184881265,-233.0353258677041,42696.66258924111,0.5931386983469822
3064,-319.95653625997454,8606.144184881265,150.2189246042798,38735.53992975038,0.8966838868774027
3072,-319.95653625997454,8606.144184881265,-510.9898630038449,31099.125996144398,0.705939096042532
3088,-221.26617363024138,5333.298743879231,-256.76364772067234,16227.707958666653,0.45591476736459013
3089,0.0,60235.272498719016,-221.26617363024138,5269.377674203201,0.714559494705253
3080,58.21812532384453,48232.64200149969,-146.5406225553031,12076.906998327999,0.296479886628493
3090,58.21812532384453,37728.74994057544,-221.26617363024138,5269.377674203201,0.2186053978709641
3091,-221.26617363024138,5269.377674203201,0.0,60235.272498719016,0.28544049773157454
3092,58.21812532384453,37728.74994057544,-302.00896560176596,10509.121737255573,0.16485730235076235
3094,0.0,44919.121752125524,-146.5406225553031,11413.528025984597,0.34864099455007747
3095,-125.90897520306041,28164.4164863469,-146.5406225553031,11413.528025984597,0.4765452390977495
3096,-221.26617363024138,5269.377674203201,-52.88768870759756,8500.091428287677,0.7072492351765335
3097,-221.26617363024138,5269.377674203201,-120.30269579847572,15065.600161964572,0.3758427833983241
3098,-144.20176470777815,10703.232980282406,128.33508025538652,10541.242240222007,0.7986782582548968
3099,-125.90897520306041,22949.070162541888,-221.26617363024138,5269.377674203201,0.38720205212450953
3093,128.33508025538652,10196.078849392788,-554.5427459339921,35064.09035611422,0.03633637523326594
3101,-256.76364772067234,14587.159101777275,-146.5406225553031,11413.528025984597,0.3688551681932707
3102,0.0,44919.121752125524,16.4317175360697,7694.357160773302,0.5176859038313473
3087,0.0,44919.121752125524,128.33508025538652,10196.078849392788,0.6339827190050444
3086,0.0,44919.121752125524,-152.4349847889668,6085.002049245329,0.3398028041065353
3085,-221.26617363024138,5269.377674203201,-135.41477923060455,9451.253733486505,0.3904052288471776
3084,-120.30269579847572,25954.80211821568,-256.76364772067234,14587.159101777275,0.6504068217917685
3083,-125.90897520306041,22949.070162541888,128.33508025538652,10196.078849392788,0.7700055409635602
3082,-81.77395616642983,46285.5758232644,-221.26617363024138,5269.377674203201,0.3529873299030768
3081,-144.20176470777815,10342.6177642814,0.0,44919.121752125524,0.35035115943154105
3100,128.33508025538652,10196.078849392788,16.431717536069687,7386.941018539952,0.36090632445280757
3459,-152.53290732923418,3798.9696864413077,73.88128195530984,7842.589871203463,0.7695181861841808
3460,-152.53290732923418,3767.767741908662,-136.7460318887167,5958.229764450559,0.5211191422010159
3461,0.0,60235.272498719016,570.2105786873495,7799.695565461639,0.9217670271705156
3462,-405.19314852604913,35306.90777223677,73.88128195530986,7558.551816720454,0.09570033523126695
3463,-152.53290732923418,3767.767741908662,-230.30775811373363,8654.071298145462,0.3990398907172579
3464,-21.08746493855491,6802.304214998847,228.2859657875303,4913.940549318433,0.20931251753457147
3469,-82.4509455824208,8361.575473686144,59.55906669792646,7205.032520631318,0.6758779557741759
3466,59.53644228406831,7196.235427298033,134.8665222295595,13073.978865161022,0.40654653263840684
3467,0.0,56315.54462713804,283.4465638219214,5415.3357571190945,0.7684391290142469
3468,-52.586244831471724,9623.11757816554,59.55906669792646,7665.525529921969,0.3603910718787136
3470,134.8665222295595,12578.397911822221,59.55906669792646,7665.525529921969,0.40656038193012267
3458,-230.30775811373363,8143.025754545371,-130.51030035284208,8494.970124281283,0.374668769490802
3465,228.2859657875303,5644.004199218667,398.8939194001032,5750.729982202881,0.287579551617457
3457,-172.20084904133356,10795.9945832839,134.8665222295595,12578.397911822221,0.8235235063201893
3447,-405.19314852604913,33140.19701535529,-152.53290732923418,3767.767741908662,0.23510211318726587
3455,358.7194835840067,8834.149603340486,492.2797298073568,6859.467988994653,0.6660487193730698
3454,283.4465638219214,12995.307891828385,570.2105786873495,15556.611812331917,0.8019171977574561
3453,-152.53290732923418,3767.767741908662,-148.0048355938251,9165.930817396238,0.5059343833358485
3452,492.2797298073568,7348.662450344935,521.6931159207782,6927.106073081423,0.5381562061791192
3451,-360.7404302985317,20074.22885944968,-152.53290732923418,3767.767741908662,0.737416865898642
3450,239.86900834586638,7217.797243872984,358.7194835840067,9096.24434813879,0.3516799148159031
3449,-152.53290732923418,3767.767741908662,-172.20084904133358,10377.651570430326,0.4744398275945826
3448,-45.93494624151573,6308.802954714409,228.2859657875303,5644.004199218667,0.811800344554299
3471,194.06520182111203,6766.087251067872,358.7194835840067,9096.24434813879,0.7008921681499325
3446,-52.586244831471724,9752.319320143164,174.883346320285,5284.975828944326,0.7661613772419384
3445,283.4465638219214,12995.307891828385,492.2797298073568,7348.662450344935,0.7418451665773704
3444,-405.19314852604913,33140.19701535529,-230.30775811373363,8143.025754545371,0.688926256579784
3443,73.88128195530986,7558.551816720454,-180.7155487638315,10903.224198044134,0.7866922363847
3456,-45.93494624151573,6971.074174378612,174.883346320285,5978.640669376225,0.7624272195002806
3472,134.8665222295595,12578.397911822221,184.09855729534874,8044.0435192248415,0.5613302079489201
3159,83.22119853009465,6707.019018978571,191.77553187318156,5804.9286666045355,0.6391537361426372
3169,180.49557122913455,8353.372205393238,191.77553187318156,5698.440124013025,0.5146758077472757
3151,179.5335289247726,5623.056161061115,374.36915490720685,6332.942574755965,0.7376130572773096
3152,83.22119853009465,8410.992062483398,495.62373726960135,6712.284457802069,0.10129006963307874
3153,-60.86276841568497,6753.007381819258,278.3054267518122,5540.747818403712,0.8596765781086952
3154,203.35348916351845,8432.553053754324,191.77553187318156,5698.440124013025,0.4849441675476859
3170,179.5335289247726,6408.975660043957,495.62373726960135,6741.300418956994,0.8426556388618537
3156,-60.86276841568498,6733.814532614238,179.5335289247726,6408.975660043957,0.7806582314902041
3157,278.3054267518122,7504.9772718585145,495.62373726960135,6741.300418956994,0.24261924448029537
3158,-313.9013673704063,24300.72774446811,203.35348916351845,8011.305151418584,0.9277112854544914
3155,-313.9013673704063,26023.907451157764,180.49557122913455,7942.2421144183645,0.9178627109697082
3161,-60.86276841568498,6733.814532614238,495.62373726960135,6741.300418956994,0.9528209986081138
3162,203.35348916351845,8011.305151418584,374.36915490720685,6233.413561447183,0.7095923061048357
3163,179.5335289247726,6408.975660043957,180.49557122913455,7942.2421144183645,0.5012496588649984
3164,278.3054267518122,7504.9772718585145,191.77553187318156,5698.440124013025,0.6114490039837426
3165,-313.9013673704063,26023.907451157764,83.22119853009465,8410.992062483398,0.12915835370019613
3166,278.3054267518122,7504.9772718585145,374.36915490720685,6233.413561447183,0.6228862616064064
3167,83.22119853009465,8410.992062483398,203.35348916351845,8011.305151418584,0.350260746960922
3168,-313.9013673704063,26023.907451157764,-60.86276841568498,6733.814532614238,0.7693580397114629
3160,180.49557122913455,7942.2421144183645,374.36915490720685,6233.413561447183,0.7339069523388727
3504,20.974192450366765,8363.902339438988,217.70640562372128,5034.779355087608,0.26220644144416805
3505,62.66906804023408,12742.877555351499,217.70640562372128,4907.307417482323,0.6884761335990948
3506,-194.74279096733443,12307.378218878648,-25.13361702295321,9096.543795411668,0.7005694066846502
3507,83.47309024098003,6835.67186679828,0.0,60235.272498719016,0.41552228704198324
3511,-198.68265537579813,3254.7462508143803,-121.69430514187393,5620.94607685199,0.3977352417314364
3509,20.974192450366747,8113.4762765092455,-63.90189817411202,6214.638633961904,0.6086412143657569
3510,87.49327392588376,17577.36533680935,222.43204417767808,9427.412565294027,0.6581276571093504
3512,-194.74279096733443,11529.76333436368,-99.959024076717,9864.01245683194,0.3838476262476852
3508,443.2967352445558,5995.792301586606,548.4885619516756,10894.525449105753,0.6316315320104031
3503,20.974192450366747,8113.4762765092455,366.7248667552862,6178.812149033558,0.1384740345669221
3500,-198.68265537579813,3339.0063849233916,-127.7113609434026,8463.074367272018,0.5926865525639722
3501,-251.91285157575842,14749.680423346841,-198.68265537579813,3339.0063849233916,0.43277684804532024
3489,63.08900149203486,6882.734734483938,233.85742607918448,5301.3036086443835,0.2883273001422163
3488,83.47309024098003,6644.665468585116,-63.90189817411202,5948.568394908509,0.6850130972094719
3487,55.782414667661094,6765.4380851732785,-121.69430514187393,5541.458091885252,0.718817979984568
3486,-56.41757807608706,47921.870255198075,456.49659117441865,8398.873689133221,0.9082093427527893
3485,314.22600945966946,6467.626213899252,456.49659117441865,15553.065340660078,0.670276031038785
3502,-198.68265537579813,3339.0063849233916,-170.10592199852275,6952.541993954508,0.538036234094931
3483,-56.41757807608706,44668.72431670787,217.70640562372128,4907.307417482323,0.7711248296428383
3482,271.51425151503236,8752.353399931242,263.68655864110633,11526.65352489339,0.49018608834769484
3481,-194.74279096733443,11529.76333436368,-134.7459535652884,10492.797643433656,0.5740011911441958
3480,-198.68265537579813,3339.0063849233916,-108.5748547284757,8735.795747305101,0.38329031863565977
3479,271.51425151503236,8310.58794135145,217.70640562372128,4907.307417482323,0.43003399031680223
3478,217.70640562372128,4907.307417482323,443.2967352445558,5757.2789725997,0.770025376645498
3477,-63.90189817411202,5948.568394908509,217.70640562372128,4907.307417482323,0.819323393568972
3476,0.0,60235.272498719016,408.52233992073946,5655.145260896052,0.15032068193018816
3475,-156.43303729716655,8786.74026097847,-99.95902407671703,9316.057872145906,0.571264435950682
3474,-25.13361702295321,8735.454433424944,-56.41757807608706,44668.72431670787,0.533535794831257
3473,-127.7113609434026,8080.963953626459,-194.74279096733443,11529.76333436368,0.5836517050965188
3490,324.77683328472017,7946.343488906834,217.70640562372128,4907.307417482323,0.6370610821431993
3491,456.49659117441865,15553.065340660078,469.123938364288,8734.936497603992,0.4845190197142006
3484,314.22600945966946,6207.677154046763,217.70640562372128,4907.307417482323,0.6254420591525727
3498,217.70640562372128,4907.307417482323,408.52233992073946,5595.492031219929,0.7352403327149117
3499,-63.90189817411202,5948.568394908509,-25.13361702295321,8735.454433424944,0.5500987933775665
3497,-63.90189817411202,5948.568394908509,233.85742607918448,5285.297535853914,0.831532331424527
3496,233.85742607918448,5285.297535853914,217.70640562372128,4907.307417482323,0.47846184313695783
3495,456.49659117441865,15553.065340660078,443.2967352445558,5757.2789725997,0.4835504930324147
3494,352.94232848393517,16151.900041590685,271.51425151503236,8310.58794135145,0.4014068757210403
3493,20.974192450366747,8113.4762765092455,233.85742607918448,5285.297535853914,0.24591261520679158
3492,-121.69430514187393,5541.458091885252,-99.95902407671703,9316.057872145906,0.5281173046853225
3521,244.15782530779438,7310.655729818435,206.73094139575363,3803.166570158753,0.45051702827593176
3520,25.47319225327819,19462.786030327617,206.73094139575363,3852.1685973070116,0.710883321455674
3519,-106.98872360762518,5420.119775851683,332.6932214072888,7714.722250054546,0.9135024703167963
3518,-106.98872360762518,5524.163866028869,90.8557641888074,7491.602064976503,0.7394062851212475
3517,287.4239802078023,10838.697704222956,452.51575127003315,5399.224526558921,0.7009720742967114
3513,184.9291145459246,4654.75726729415,206.73094139575363,3852.1685973070116,0.5293937979443087
3515,-97.28548716316635,7595.715036761578,-213.33191097330402,9431.753334789588,0.6444277244731478
3514,85.6579535167621,6709.047567512116,206.73094139575363,3852.1685973070116,0.3439014060068364
3522,233.59518482642065,10798.152590002259,206.73094139575363,3852.1685973070116,0.5347788671103253
3524,78.1989198915929,6320.61782021579,-16.302604275635517,7798.608099882367,0.37931345790496585
3516,-395.04923637128246,19336.610517472156,-202.76685696145262,3016.6252521199276,0.7231446189143597
3523,15.122096930817618,7755.246886544607,206.73094139575363,3852.1685973070116,0.26531488587616014
3525,-94.25990260520824,8147.299308610757,184.9291145459246,4643.936381623259,0.81477510956838
3534,312.47454515751406,5923.139819118781,452.51575127003315,5373.6467703706185,0.677895985761156
3526,147.7164417107832,45672.59538903598,184.9291145459246,4643.936381623259,0.5403619855792531
3527,61.6567629030503,6780.410753830902,-97.28548716316635,7345.05233049899,0.30355633933118387
3528,287.4239802078023,10257.226674355534,206.73094139575363,3852.1685973070116,0.3964300587570463
3529,147.7164417107832,33295.116871944556,229.74509593215078,6702.024427298703,0.4077892781509594
3530,387.9704985477022,5235.232080050281,452.51575127003315,5373.6467703706185,0.41489895564290075
3531,78.19891989159291,6184.926145220118,184.9291145459246,4643.936381623259,0.6383428940976995
3532,147.7164417107832,33295.116871944556,287.4239802078023,10257.226674355534,0.6518986013572504
3533,584.3806255706394,14799.486882183483,452.51575127003315,5373.6467703706185,0.6601562539972473
3535,85.65795351676209,6550.894698823411,288.2459890491856,14445.34862869306,0.2650539202192728
3536,206.73094139575363,3852.1685973070116,474.61163888023964,11588.311218671768,0.1980704128369262
3537,150.78724894833354,5758.284598132675,206.73094139575363,3852.1685973070116,0.5744152643377207
3538,387.9704985477022,5184.762975555022,274.25311138675545,59229.58507913178,0.6153397002966411
3545,335.84910788620243,7736.931317457155,441.86577116378436,4786.039039574851,0.3639541473982831
3540,-224.71545441853002,9240.918929756743,117.79076814105929,21990.385990985516,0.8401052328059903
3546,47.181332308175,5802.939218918592,201.64031591828814,4274.400269272513,0.695868968310293
3542,112.91308686499823,7235.847431502211,230.3716670042793,3143.251490088684,0.6518873536911691
3539,117.79076814105929,20532.453206283026,255.3950240693464,8929.721251102985,0.6591908106724373
3543,230.3716670042793,3238.3231725367987,204.36708234306656,41892.948863855716,0.5288444762326949
3541,117.79076814105929,20532.453206283026,3.742425233645044,17981.94181694187,0.6278409339438393
3564,262.02867950226835,10158.78660884957,441.86577116378436,4780.979681154257,0.28170791959986924
3547,117.79076814105929,20532.453206283026,139.14606548525606,5714.341371162947,0.47410346057813346
3548,255.3950240693464,8548.781439648172,335.84910788620243,7463.640953911046,0.3978928827894642
3549,26.99191176747229,11733.616760624187,230.3716670042793,3238.3231725367987,0.2573433018798611
3550,-111.74208041899797,5423.023170232543,255.3950240693464,8548.781439648172,0.8752231469311664
3551,303.9845675298551,5797.816443097665,230.3716670042793,3238.3231725367987,0.4022109732119953
3544,47.181332308175,5741.991196397441,117.79076814105929,20532.453206283026,0.5849393104772077
3553,230.3716670042793,3238.3231725367987,441.86577116378436,4780.979681154257,0.7597770604116915
3554,-158.75916756658515,5188.259941002526,-224.71545441853002,9108.204644229958,0.5849358455589786
3552,54.21367571009019,7656.863505863273,201.64031591828814,4317.355379009965,0.6857278256655307
3556,-199.03958992553044,3149.6424372912506,-144.32688285339086,8222.37042993742,0.428034129929985
3557,117.79076814105929,20532.453206283026,303.9845675298551,5701.85498730479,0.28692465602835965
3558,142.54575825507243,6297.6950419019695,230.3716670042793,3238.3231725367987,0.6156963314524557
3559,255.3950240693464,8548.781439648172,230.3716670042793,3238.3231725367987,0.5329948915353672
3560,-199.03958992553044,3237.298967496198,35.345831534949774,6328.4273614469885,0.7798617312356094
3561,-158.75916756658512,5302.565419830937,117.79076814105929,20532.453206283026,0.7966743916103516
3562,-111.74208041899797,5498.8954247845595,303.9845675298551,5701.85498730479,0.09554510036370399
3563,117.79076814105929,20532.453206283026,-111.74208041899797,5498.8954247845595,0.7553520003103678
3555,139.14606548525603,5615.314747905963,230.3716670042793,3238.3231725367987,0.3794548701712766
3598,42.585369719898715,6235.7493266835,-240.78104879832213,42989.689748282115,0.7788120921432982
3597,39.27552674385373,5638.436946995947,-175.85050559162647,8450.851109172696,0.7554311358667063
3596,145.60574958872218,5355.525566711736,222.82483262924706,7032.217864485795,0.6002782171807849
3595,221.9578924449326,2764.813939376747,338.3468409387201,6988.860029124435,0.34883097429714766
3594,122.01808959921809,6762.000106715767,218.15878847797777,4218.198848949841,0.3749255457010036
3592,151.9190399558219,7023.841559900997,331.78076503413246,7222.639196081624,0.7191114903528675
3593,-153.39416106538943,6693.437284632551,-418.60281559810744,19060.277890383026,0.7872997244428345
3590,236.20998032388758,5326.019295354425,411.2792546964988,4410.2339644775775,0.7193096097757916
3589,325.598851986759,7804.558576161259,0.0,60235.272498719016,0.7947733789983294
3588,41.458543253468015,7421.854156180157,-113.38977870124607,10593.337136541304,0.6879071416891355
3587,-194.3232282083386,3171.1728847129666,-68.85228652433312,8707.58611076117,0.3398756127907582
3586,172.4701538546739,7053.471243113642,398.01255123532826,5166.019546548478,0.7679254637019415
3585,102.80215169772055,7288.471436668115,-91.69694103673241,5179.983253081493,0.7366286578470517
3591,42.06065463319324,6359.903763843656,-56.651822186948614,7105.540369470334,0.37365277900271754
3612,-104.18524454426155,9064.571112700569,-275.7941688733117,40356.42209516615,0.6799524256719196
3611,-186.27543154070548,8734.272116536698,20.506201958757153,6147.628627333171,0.25381684113101044
3610,-132.45079834658196,10590.398640705318,-145.98019956397255,7135.110431786675,0.5172115156026147
3609,343.7304916306046,7233.808163392473,331.02450033555306,8278.139879605798,0.48361872692648467
3608,315.35663820607425,6873.404885221648,149.60349830920572,7934.047683187769,0.7032294257601803
3607,-435.5180010285011,18983.28751181527,-183.7042856079606,3398.665308071052,0.7795738395823166
3606,-37.358025558041085,51070.77837955302,418.959019932422,4618.123347288297,0.8833649999692479
3605,204.91190006091816,4348.971602710615,45.93194905082776,5757.887307945562,0.7009701515474996
3604,53.4714194606865,7396.8104278394485,163.19248582443242,7442.045266992186,0.36134350658436754
3603,239.6228587431023,7124.139927433473,229.92888799309148,5475.849590328108,0.5127298413149627
3602,-97.95393326557111,5375.931842630146,54.65790719624125,15126.729386588453,0.3169369467449828
3601,-31.99602671305888,7189.553339726238,134.60770254809893,5478.029629088198,0.706542119566875
3600,404.83713816814145,5536.549530404058,233.14436747154193,3027.579073508431,0.7170511071136018
3599,143.25140794675625,7380.849221883758,113.74060518204978,7472.257017882287,0.46185436068872443
3625,-340.8434008132416,37813.48440255161,-47.56159289995235,7012.942135555623,0.7905775561820769
3624,-189.64306128445358,3527.596189717761,83.29452567934878,7096.775349953919,0.8125230491825434
3623,326.6437981340963,6765.51813238361,414.07778482291246,5566.877030800721,0.6131797346054473
3626,-11.754684936276327,5898.891548670918,-462.0849983174772,18674.08812075318,0.9073910287251777
3622,218.86131196365687,5402.993653662042,-101.16294623158595,9857.874295843758,0.8428114618822621
3621,-167.8191808039638,6954.278008596692,-152.32150121708,8288.837331372404,0.5200102052344404
3620,260.2864328291055,6898.1332505865075,231.1866010305215,3127.0176801533726,0.5387987024350376
3616,213.70635363824786,4400.729117980918,124.98798135775782,7107.343932785283,0.6153766174682762
3618,326.16720495108495,6934.3006755048555,138.47355135339362,7178.214909348123,0.27245126012897747
3617,140.87546908752756,7218.4730113545575,-74.1648169525652,5214.230535414569,0.24255616674540914
3615,-0.4308382846291829,13705.275767071162,-52.2322128665367,48161.54434332503,0.4463296587436302
3614,421.9742571262172,4757.15310913068,354.9299816165622,7973.431790613199,0.5871489291541272
3613,144.30681922928983,5446.082044619559,141.8368537873495,7708.815003798188,0.4967673876799502
3619,37.368548333313115,5711.182671128293,-96.23835693734641,8825.431569002172,0.33281636849111285
3638,-43.825216632142606,6980.197215541627,111.19405100395112,6886.449003358702,0.6923338938109025
3637,337.9980256080844,7530.329244401632,168.30384013347506,6976.486805955893,0.7078634092750122
3636,-52.51608139844707,5076.972191712663,312.5154145479034,6535.486577118728,0.8767556948759733
3635,16.9599396795978,5605.924120623257,-188.07602027918904,6766.5810442476895,0.7475364426505688
3634,88.72313396345459,7007.242728559307,274.63676919278385,6689.36017673466,0.2738311871717483
3633,-134.63115058606485,7841.948394362654,-195.8593536567055,3641.664845199435,0.5803467882969204
3630,-106.72456421336597,9697.428483178357,110.17488960470766,7048.618184826567,0.7539084469627888
3631,161.98149070942958,7325.864503776519,223.85823596663505,5431.681400517901,0.5805315040489178
3629,-67.36478566806235,8510.147558946019,128.6998419564561,5365.875780461952,0.7365269389732759
3628,431.4939591150857,4740.6394111442905,423.5436780271391,5555.406773203387,0.5105994199641333
3627,47.42490381936904,31805.79568341714,221.5529305245198,4417.0344076120855,0.6920986014343014
3639,-11.237939135987002,6002.00566423801,-30.24914170168442,12448.515672855365,0.4759260097060637
3632,222.5611101866781,3187.8478528184814,296.2980892437696,6699.518065973392,0.597404177454411
3640,-474.3213460963123,18594.157334089046,-371.60349225948653,36455.78983873739,0.39192654683230704
